#curie_map:
#  skos: http://www.w3.org/2004/02/skos/core#
#  semapv: https://w3id.org/semapv/vocab/
#  orcid: https://orcid.org/
#  github: https://github.com/
#  bartoc: http://bartoc.org/
#  aat: http://vocab.getty.edu/aat/
#  wikidata: http://www.wikidata.org/entity/
#  gnd: https://d-nb.info/gnd/
#  dai: http://thesauri.dainst.org/
#  backbone: https://vocabs.dariah.eu/bbt/Concept/
#  wnk: http://lvr.vocnet.org/wnk/
#  defc: https://vocabs.acdh.oeaw.ac.at/defcthesaurus/
#  OeAI_ctp: https://vocabs.acdh.oeaw.ac.at/oeai-cultural-periods/
#  OeAI_m: https://vocabs.acdh.oeaw.ac.at/oeai-materials/
#  gemet: http://www.eionet.europa.eu/gemet/concept/
#  dyas: https://humanitiesthesaurus.academyofathens.gr/dyas-resource/Concept/
#  fish: http://purl.org/heritagedata/
#  pactols: https://ark.frantiq.fr/ark:/26678/
#mapping_set_id: https://raw.githubusercontent.com/LasseMempel/thesaurusscience/main/Mappings/wnk_aat.sssom.tsv
#mapping_set_title: Wortnetz Kultur → Getty Art & Architecture Thesaurus (AAT) SKOS mappings
#mapping_set_description: SKOS mappings extracted from local RDF dump(s) of Wortnetz Kultur (concept scheme: http://lvr.vocnet.org/wnk), targeting Getty Art & Architecture Thesaurus (AAT) (concept scheme: http://vocab.getty.edu/aat/). The original procedure by which the mappings were established is unknown; mapping_justification is therefore semapv:UnspecifiedMatching.
#license: https://creativecommons.org/licenses/by/4.0/
#publication_date: 2026-09-14
#creator_id: orcid:0009-0001-5183-1635
#creator_label: Lasse Mempel-Länger
#mapping_tool: extract_skos_mappings_to_sssom.py
#mapping_tool_id: github:LasseMempel/thesaurusscience/blob/main/Scripts/build_vocabulary_mappings.py
#subject_source: http://lvr.vocnet.org/wnk
#object_source: aat:
#comment: Extracted from local RDF file(s) Wortnetz/Wortnetz Kultur.rdf; source graph(s) contain SKOS mapping assertions without information about the original mapping process or a mapping-specific source label.
subject_id	subject_label	predicate_id	object_id	object_label	mapping_justification	comment
wnk:wk000003	paper  mill	skos:exactMatch	aat:300006308		semapv:UnspecifiedMatching	
wnk:wk000009	post mill	skos:closeMatch	aat:300411564		semapv:UnspecifiedMatching	
wnk:wk000011	flour mill	skos:exactMatch	aat:300006286		semapv:UnspecifiedMatching	
wnk:wk000015	bark mill	skos:exactMatch	aat:300024458		semapv:UnspecifiedMatching	
wnk:wk000018	oil  mill	skos:exactMatch	aat:300248351		semapv:UnspecifiedMatching	
wnk:wk000019	powder mill	skos:exactMatch	aat:300185661		semapv:UnspecifiedMatching	
wnk:wk000023	Tool and Equipment (hierarchy name)	skos:exactMatch	aat:300022238		semapv:UnspecifiedMatching	
wnk:wk000024	Single Built Work (hierarchy name)	skos:exactMatch	aat:300004789		semapv:UnspecifiedMatching	
wnk:wk000034	fulling mill	skos:exactMatch	aat:300006324		semapv:UnspecifiedMatching	
wnk:wk000038	coffee mill	skos:exactMatch	aat:300207798		semapv:UnspecifiedMatching	
wnk:wk000044	waterworks (arch.)	skos:exactMatch	aat:300006215		semapv:UnspecifiedMatching	
wnk:wk000050	mill race	skos:closeMatch	aat:300006080		semapv:UnspecifiedMatching	
wnk:wk000052	bakehouse	skos:closeMatch	aat:300266040		semapv:UnspecifiedMatching	
wnk:wk000058	castle (fortification)	skos:closeMatch	aat:300006891		semapv:UnspecifiedMatching	
wnk:wk000068	tower (single built work)	skos:narrowMatch	aat:300003615		semapv:UnspecifiedMatching	
wnk:wk000068	tower (single built work)	skos:narrowMatch	aat:300004847		semapv:UnspecifiedMatching	
wnk:wk000071	watchtower	skos:closeMatch	aat:300134522		semapv:UnspecifiedMatching	
wnk:wk000079	Object Grouping and System (hierarchy name)	skos:closeMatch	aat:300241489		semapv:UnspecifiedMatching	
wnk:wk000080	Open Space and Site Element (hierarchy name)	skos:closeMatch	aat:300139081		semapv:UnspecifiedMatching	
wnk:wk000096	wood (plant material)	skos:exactMatch	aat:300011914		semapv:UnspecifiedMatching	
wnk:wk000098	common reed	skos:exactMatch	aat:300375481		semapv:UnspecifiedMatching	
wnk:wk000100	sheet metal	skos:exactMatch	aat:300223016		semapv:UnspecifiedMatching	
wnk:wk000101	metal	skos:exactMatch	aat:300010900		semapv:UnspecifiedMatching	
wnk:wk000112	architectural element	skos:exactMatch	aat:300000885		semapv:UnspecifiedMatching	
wnk:wk000113	door	skos:closeMatch	aat:300002803		semapv:UnspecifiedMatching	
wnk:wk000114	window	skos:exactMatch	aat:300002944		semapv:UnspecifiedMatching	
wnk:wk000115	stairs	skos:exactMatch	aat:300003228		semapv:UnspecifiedMatching	
wnk:wk000116	fish ladders	skos:closeMatch	aat:300003679		semapv:UnspecifiedMatching	
wnk:wk000122	settlement	skos:closeMatch	aat:300008347		semapv:UnspecifiedMatching	
wnk:wk000124	agricultural structure	skos:closeMatch	aat:300004895		semapv:UnspecifiedMatching	
wnk:wk000126	building (structure)	skos:closeMatch	aat:300004792		semapv:UnspecifiedMatching	
wnk:wk000128	stable (animal housing)	skos:exactMatch	aat:300005015		semapv:UnspecifiedMatching	
wnk:wk000133	hydraulic structure	skos:exactMatch	aat:300006073		semapv:UnspecifiedMatching	
wnk:wk000134	artificial water channel	skos:exactMatch	aat:300133792		semapv:UnspecifiedMatching	
wnk:wk000139	Activity (facet)	skos:exactMatch	aat:300264090		semapv:UnspecifiedMatching	
wnk:wk000141	water wheel	skos:exactMatch	aat:300024617		semapv:UnspecifiedMatching	
wnk:wk000147	summerhouse	skos:relatedMatch	aat:300007698		semapv:UnspecifiedMatching	
wnk:wk000149	commercial buildings	skos:closeMatch	aat:300005147		semapv:UnspecifiedMatching	
wnk:wk000150	tavern	skos:closeMatch	aat:300005207		semapv:UnspecifiedMatching	
wnk:wk000153	wall	skos:closeMatch	aat:300002469		semapv:UnspecifiedMatching	
wnk:wk000154	exterior wall	skos:exactMatch	aat:300002523		semapv:UnspecifiedMatching	
wnk:wk000174	spinning (textile process)	skos:closeMatch	aat:300053661		semapv:UnspecifiedMatching	
wnk:wk000175	weaving	skos:exactMatch	aat:300053642		semapv:UnspecifiedMatching	
wnk:wk000176	Process and Technique (hierarchy name)	skos:closeMatch	aat:300053001		semapv:UnspecifiedMatching	
wnk:wk000182	pile (structural element)	skos:closeMatch	aat:300000938		semapv:UnspecifiedMatching	
wnk:wk000183	Settlement and Landscape (hierarchy name)	skos:exactMatch	aat:300008346		semapv:UnspecifiedMatching	
wnk:wk000184	pond (body of water)	skos:exactMatch	aat:300008688		semapv:UnspecifiedMatching	
wnk:wk000195	weir	skos:exactMatch	aat:300006101		semapv:UnspecifiedMatching	
wnk:wk000200	villa rustica	skos:exactMatch	aat:300005518		semapv:UnspecifiedMatching	
wnk:wk000202	container (receptacle)	skos:exactMatch	aat:300197197		semapv:UnspecifiedMatching	
wnk:wk000203	vessel (container)	skos:closeMatch	aat:300193015		semapv:UnspecifiedMatching	
wnk:wk000204	bowl (shallower vessel)	skos:broadMatch	aat:300203596		semapv:UnspecifiedMatching	
wnk:wk000212	tumulus	skos:closeMatch	aat:300005903		semapv:UnspecifiedMatching	
wnk:wk000226	ceramic (material)	skos:closeMatch	aat:300235507		semapv:UnspecifiedMatching	
wnk:wk000227	porcelain (material)	skos:closeMatch	aat:300010662		semapv:UnspecifiedMatching	
wnk:wk000228	Object Genre (hierarchy name)	skos:closeMatch	aat:300185711		semapv:UnspecifiedMatching	
wnk:wk000229	ceramic (object genre )	skos:exactMatch	aat:300151343		semapv:UnspecifiedMatching	
wnk:wk000233	coffin	skos:closeMatch	aat:300197585		semapv:UnspecifiedMatching	
wnk:wk000245	sarcophagus	skos:closeMatch	aat:300005947		semapv:UnspecifiedMatching	
wnk:wk000272	funeral	skos:closeMatch	aat:300069162		semapv:UnspecifiedMatching	
wnk:wk000275	Visual and Verbal Communication (hierarchy name)	skos:exactMatch	aat:300264552		semapv:UnspecifiedMatching	
wnk:wk000276	Visual Work (hierarchy name)	skos:exactMatch	aat:300179869		semapv:UnspecifiedMatching	
wnk:wk000277	sculpture (visual work)	skos:closeMatch	aat:300047090		semapv:UnspecifiedMatching	
wnk:wk000278	relief (sculpture technique)	skos:exactMatch	aat:300053622		semapv:UnspecifiedMatching	
wnk:wk000291	barbican	skos:exactMatch	aat:300003628		semapv:UnspecifiedMatching	
wnk:wk000293	casemate	skos:exactMatch	aat:300002497		semapv:UnspecifiedMatching	
wnk:wk000295	landing (stairs)	skos:exactMatch	aat:300069164		semapv:UnspecifiedMatching	
wnk:wk000303	communications structure	skos:exactMatch	aat:300122187		semapv:UnspecifiedMatching	
wnk:wk000308	water well	skos:exactMatch	aat:300006179		semapv:UnspecifiedMatching	
wnk:wk000311	bastion	skos:exactMatch	aat:300002495		semapv:UnspecifiedMatching	
wnk:wk000313	fortification (built environment)	skos:closeMatch	aat:300006888		semapv:UnspecifiedMatching	
wnk:wk000316	building division	skos:exactMatch	aat:300072553		semapv:UnspecifiedMatching	
wnk:wk000321	Built Complexes and Districts (hierarchy name)	skos:closeMatch	aat:300000201		semapv:UnspecifiedMatching	
wnk:wk000327	settlement by function	skos:exactMatch	aat:300008407		semapv:UnspecifiedMatching	
wnk:wk000328	settlements by condition	skos:exactMatch	aat:300008488		semapv:UnspecifiedMatching	
wnk:wk000329	settlements by economic base	skos:exactMatch	aat:300120583		semapv:UnspecifiedMatching	
wnk:wk000338	material by composition	skos:exactMatch	aat:300212963		semapv:UnspecifiedMatching	
wnk:wk000340	paper (fiber product)	skos:exactMatch	aat:300014109		semapv:UnspecifiedMatching	
wnk:wk000343	sandstone	skos:closeMatch	aat:300011376		semapv:UnspecifiedMatching	
wnk:wk000346	mineral	skos:closeMatch	aat:300011068		semapv:UnspecifiedMatching	
wnk:wk000348	alabaster (mineral)	skos:exactMatch	aat:300011101		semapv:UnspecifiedMatching	
wnk:wk000349	gemstone	skos:closeMatch	aat:300201964		semapv:UnspecifiedMatching	
wnk:wk000352	rock (inorganic material)	skos:exactMatch	aat:300011692		semapv:UnspecifiedMatching	
wnk:wk000377	fill (archaeology)	skos:closeMatch	aat:300015132		semapv:UnspecifiedMatching	
wnk:wk000380	pile foundation	skos:closeMatch	aat:300000923		semapv:UnspecifiedMatching	
wnk:wk000381	foundation (structural element)	skos:closeMatch	aat:300000919		semapv:UnspecifiedMatching	
wnk:wk000389	architectural monument	skos:closeMatch	aat:300343491		semapv:UnspecifiedMatching	
wnk:wk000421	park (recreation area)	skos:closeMatch	aat:300008187		semapv:UnspecifiedMatching	
wnk:wk000431	deserted settlement	skos:exactMatch	aat:300167671		semapv:UnspecifiedMatching	
wnk:wk000437	hamlet	skos:exactMatch	aat:300008369		semapv:UnspecifiedMatching	
wnk:wk000442	sunken hut	skos:exactMatch	aat:300137527		semapv:UnspecifiedMatching	
wnk:wk000443	timberframe building	skos:relatedMatch	aat:300125479		semapv:UnspecifiedMatching	
wnk:wk000460	road	skos:closeMatch	aat:300008217		semapv:UnspecifiedMatching	
wnk:wk000460	road	skos:narrowMatch	aat:300008247		semapv:UnspecifiedMatching	
wnk:wk000471	window by form	skos:exactMatch	aat:300002946		semapv:UnspecifiedMatching	
wnk:wk000480	rubbish pit	skos:closeMatch	aat:300120507		semapv:UnspecifiedMatching	
wnk:wk000483	posthole	skos:exactMatch	aat:300400666		semapv:UnspecifiedMatching	
wnk:wk000488	Kunststil und Kulturepoche (Hierarchiename)	skos:closeMatch	aat:300015646		semapv:UnspecifiedMatching	
wnk:wk000491	ancient European style and period	skos:closeMatch	aat:300019281		semapv:UnspecifiedMatching	
wnk:wk000501	Bandkeramik (Neolithic culture or style)	skos:exactMatch	aat:300106840		semapv:UnspecifiedMatching	
wnk:wk000506	military cemetery	skos:closeMatch	aat:300266758		semapv:UnspecifiedMatching	
wnk:wk000513	Agent (facet)	skos:exactMatch	aat:300264089		semapv:UnspecifiedMatching	
wnk:wk000514	ruler (person)	skos:closeMatch	aat:300025475		semapv:UnspecifiedMatching	
wnk:wk000515	architect	skos:exactMatch	aat:300024987		semapv:UnspecifiedMatching	
wnk:wk000516	artist	skos:closeMatch	aat:300025103		semapv:UnspecifiedMatching	
wnk:wk000520	earth sciences	skos:closeMatch	aat:300054542		semapv:UnspecifiedMatching	
wnk:wk000529	renovation	skos:exactMatch	aat:300077781		semapv:UnspecifiedMatching	
wnk:wk000530	Event (hierarchy name)	skos:exactMatch	aat:300054722		semapv:UnspecifiedMatching	
wnk:wk000536	fishpond	skos:exactMatch	aat:300008689		semapv:UnspecifiedMatching	
wnk:wk000540	people by occupation	skos:exactMatch	aat:300024980		semapv:UnspecifiedMatching	
wnk:wk000542	monarch	skos:exactMatch	aat:300237007		semapv:UnspecifiedMatching	
wnk:wk000546	soil type	skos:broadMatch	aat:300014330		semapv:UnspecifiedMatching	
wnk:wk000557	bronze (metal)	skos:exactMatch	aat:300010957		semapv:UnspecifiedMatching	
wnk:wk000560	commissioner	skos:exactMatch	aat:300400903		semapv:UnspecifiedMatching	
wnk:wk000574	tombstone (sepulchral monument)	skos:closeMatch	aat:300005923		semapv:UnspecifiedMatching	
wnk:wk000575	bustum	skos:exactMatch	aat:300005874		semapv:UnspecifiedMatching	
wnk:wk000586	cenotaph	skos:closeMatch	aat:300007027		semapv:UnspecifiedMatching	
wnk:wk000592	long barrow	skos:exactMatch	aat:300005903		semapv:UnspecifiedMatching	
wnk:wk000606	circular ditch	skos:closeMatch	aat:300312201		semapv:UnspecifiedMatching	
wnk:wk000611	hoard (archaeology)	skos:exactMatch	aat:300195474		semapv:UnspecifiedMatching	
wnk:wk000618	cross (visual work)	skos:exactMatch	aat:300235443		semapv:UnspecifiedMatching	
wnk:wk000619	wayside cross	skos:exactMatch	aat:300006969		semapv:UnspecifiedMatching	
wnk:wk000626	longhouse (multiple dwelling)	skos:closeMatch	aat:300005672		semapv:UnspecifiedMatching	
wnk:wk000636	latrine	skos:closeMatch	aat:300007951		semapv:UnspecifiedMatching	
wnk:wk000658	embankment (building)	skos:closeMatch	aat:300008023		semapv:UnspecifiedMatching	
wnk:wk000680	office building	skos:closeMatch	aat:300007043		semapv:UnspecifiedMatching	
wnk:wk000691	mill (building)	skos:closeMatch	aat:300264626		semapv:UnspecifiedMatching	
wnk:wk000697	wayside shrine	skos:broadMatch	aat:300395577		semapv:UnspecifiedMatching	
wnk:wk000698	lantern of the dead	skos:exactMatch	aat:300005912		semapv:UnspecifiedMatching	
wnk:wk000700	residential building	skos:closeMatch	aat:300257729		semapv:UnspecifiedMatching	
wnk:wk000705	statue (figure)	skos:closeMatch	aat:300047600		semapv:UnspecifiedMatching	
wnk:wk000711	coat of arms	skos:closeMatch	aat:300126352		semapv:UnspecifiedMatching	
wnk:wk000722	church building	skos:closeMatch	aat:300007466		semapv:UnspecifiedMatching	
wnk:wk000723	chamber tomb	skos:closeMatch	aat:300005935		semapv:UnspecifiedMatching	
wnk:wk000732	identifying markings and symbols	skos:exactMatch	aat:300157238		semapv:UnspecifiedMatching	
wnk:wk000735	epitaph (inscription)	skos:closeMatch	aat:300028729		semapv:UnspecifiedMatching	
wnk:wk000737	inscription	skos:closeMatch	aat:300028702		semapv:UnspecifiedMatching	
wnk:wk000739	funerary structure	skos:exactMatch	aat:300122208		semapv:UnspecifiedMatching	
wnk:wk000742	Bildwerk	skos:exactMatch	aat:300047090		semapv:UnspecifiedMatching	
wnk:wk000745	equestrian statue	skos:exactMatch	aat:300047606		semapv:UnspecifiedMatching	
wnk:wk000755	quarry (extracting complexes)	skos:closeMatch	aat:300000402		semapv:UnspecifiedMatching	
wnk:wk000766	tree	skos:exactMatch	aat:300132410		semapv:UnspecifiedMatching	
wnk:wk000769	landscape garden	skos:exactMatch	aat:300008139		semapv:UnspecifiedMatching	
wnk:wk000770	ruin	skos:closeMatch	aat:300008057		semapv:UnspecifiedMatching	
wnk:wk000777	school (institution)	skos:exactMatch	aat:300266108		semapv:UnspecifiedMatching	
wnk:wk000778	rural school	skos:exactMatch	aat:300343420		semapv:UnspecifiedMatching	
wnk:wk000786	cloister garden	skos:closeMatch	aat:300008124		semapv:UnspecifiedMatching	
wnk:wk000789	estate house	skos:relatedMatch	aat:300005579		semapv:UnspecifiedMatching	
wnk:wk000792	railway station	skos:exactMatch	aat:300007783		semapv:UnspecifiedMatching	
wnk:wk000795	railway building	skos:closeMatch	aat:300120696		semapv:UnspecifiedMatching	
wnk:wk000796	transportation building	skos:closeMatch	aat:300007736		semapv:UnspecifiedMatching	
wnk:wk000797	hedge	skos:exactMatch	aat:300266413		semapv:UnspecifiedMatching	
wnk:wk000802	museum (institution)	skos:exactMatch	aat:300312281		semapv:UnspecifiedMatching	
wnk:wk000803	Attribute and Property (hierarchy name)	skos:closeMatch	aat:300123559		semapv:UnspecifiedMatching	
wnk:wk000806	eingeschossig	skos:exactMatch	aat:300163781		semapv:UnspecifiedMatching	
wnk:wk000807	zweigeschossig	skos:exactMatch	aat:300163795		semapv:UnspecifiedMatching	
wnk:wk000810	settlements by occupants	skos:exactMatch	aat:300008502		semapv:UnspecifiedMatching	
wnk:wk000819	earthwork (engineering work)	skos:closeMatch	aat:300008020		semapv:UnspecifiedMatching	
wnk:wk000823	chapel (building)	skos:closeMatch	aat:300004590		semapv:UnspecifiedMatching	
wnk:wk000824	landscape (environment)	skos:closeMatch	aat:300008626		semapv:UnspecifiedMatching	
wnk:wk000828	archive (building)	skos:exactMatch	aat:300124822		semapv:UnspecifiedMatching	
wnk:wk000829	urban park	skos:closeMatch	aat:300008197		semapv:UnspecifiedMatching	
wnk:wk000842	green (open space)	skos:closeMatch	aat:300008164		semapv:UnspecifiedMatching	
wnk:wk000844	hotel	skos:exactMatch	aat:300007166		semapv:UnspecifiedMatching	
wnk:wk000846	city wall	skos:closeMatch	aat:300005072		semapv:UnspecifiedMatching	
wnk:wk000850	court building	skos:exactMatch	aat:300005969		semapv:UnspecifiedMatching	
wnk:wk000853	Living Organism (hierarchy name)	skos:closeMatch	aat:300265673		semapv:UnspecifiedMatching	
wnk:wk000867	market garden	skos:narrowMatch	aat:300008111		semapv:UnspecifiedMatching	
wnk:wk000872	Eisenbahnbrücke	skos:exactMatch	aat:300007893		semapv:UnspecifiedMatching	
wnk:wk000873	bridge	skos:exactMatch	aat:300007836		semapv:UnspecifiedMatching	
wnk:wk000874	defensive tower	skos:closeMatch	aat:300004862		semapv:UnspecifiedMatching	
wnk:wk000875	motte (building)	skos:exactMatch	aat:300400701		semapv:UnspecifiedMatching	
wnk:wk000877	synagogue (building)	skos:exactMatch	aat:300007590		semapv:UnspecifiedMatching	
wnk:wk000880	figurine	skos:closeMatch	aat:300312262		semapv:UnspecifiedMatching	
wnk:wk000881	green belt	skos:exactMatch	aat:300008338		semapv:UnspecifiedMatching	
wnk:wk000886	social and civic building	skos:closeMatch	aat:300005102		semapv:UnspecifiedMatching	
wnk:wk000898	dye-work	skos:closeMatch	aat:300006330		semapv:UnspecifiedMatching	
wnk:wk000900	opera (building)	skos:exactMatch	aat:300007104		semapv:UnspecifiedMatching	
wnk:wk000901	concert hall	skos:exactMatch	aat:300007102		semapv:UnspecifiedMatching	
wnk:wk000903	mine (extracting complex)	skos:closeMatch	aat:300000390		semapv:UnspecifiedMatching	
wnk:wk000905	spring (body of water)	skos:exactMatch	aat:300008697		semapv:UnspecifiedMatching	
wnk:wk000910	water tower	skos:exactMatch	aat:300006204		semapv:UnspecifiedMatching	
wnk:wk000911	recreation building	skos:exactMatch	aat:300007193		semapv:UnspecifiedMatching	
wnk:wk000913	way of the cross	skos:closeMatch	aat:300265130		semapv:UnspecifiedMatching	
wnk:wk000916	artificial lake	skos:exactMatch	aat:300263360		semapv:UnspecifiedMatching	
wnk:wk000924	Campingplatz	skos:exactMatch	aat:300008168		semapv:UnspecifiedMatching	
wnk:wk000927	estate (house)	skos:exactMatch	aat:300387502		semapv:UnspecifiedMatching	
wnk:wk000934	brickworks (factory)	skos:exactMatch	aat:300006278		semapv:UnspecifiedMatching	
wnk:wk000936	temple (building)	skos:closeMatch	aat:300007595		semapv:UnspecifiedMatching	
wnk:wk000945	military hospital	skos:exactMatch	aat:300006700		semapv:UnspecifiedMatching	
wnk:wk000948	stations of the cross	skos:exactMatch	aat:300265130		semapv:UnspecifiedMatching	
wnk:wk000950	post office	skos:exactMatch	aat:300006036		semapv:UnspecifiedMatching	
wnk:wk000953	vineyard	skos:closeMatch	aat:300000248		semapv:UnspecifiedMatching	
wnk:wk000957	arboretum	skos:closeMatch	aat:300008106		semapv:UnspecifiedMatching	
wnk:wk000958	spinning mill	skos:exactMatch	aat:300247617		semapv:UnspecifiedMatching	
wnk:wk000960	tannery	skos:closeMatch	aat:300006302		semapv:UnspecifiedMatching	
wnk:wk000961	gasworks	skos:closeMatch	aat:300000386		semapv:UnspecifiedMatching	
wnk:wk000962	river	skos:exactMatch	aat:300008707		semapv:UnspecifiedMatching	
wnk:wk000968	indoor swimming pool	skos:exactMatch	aat:300251221		semapv:UnspecifiedMatching	
wnk:wk000971	riding hall	skos:exactMatch	aat:300045482		semapv:UnspecifiedMatching	
wnk:wk000989	gate	skos:exactMatch	aat:300002916		semapv:UnspecifiedMatching	
wnk:wk000991	picture of the Virgin Mary	skos:relatedMatch	aat:300264790		semapv:UnspecifiedMatching	
wnk:wk000992	smelting works	skos:exactMatch	aat:300103997		semapv:UnspecifiedMatching	
wnk:wk001031	barrack	skos:closeMatch	aat:300005665		semapv:UnspecifiedMatching	
wnk:wk001035	art museum	skos:exactMatch	aat:300312302		semapv:UnspecifiedMatching	
wnk:wk001041	radio telescope	skos:exactMatch	aat:300386744		semapv:UnspecifiedMatching	
wnk:wk001055	conveyor	skos:closeMatch	aat:300024559		semapv:UnspecifiedMatching	
wnk:wk001058	storage (building)	skos:closeMatch	aat:300265138		semapv:UnspecifiedMatching	
wnk:wk001060	pottery (manufactory)	skos:exactMatch	aat:300006310		semapv:UnspecifiedMatching	
wnk:wk001061	jail	skos:exactMatch	aat:300006457		semapv:UnspecifiedMatching	
wnk:wk001067	home for the aged	skos:exactMatch	aat:300006711		semapv:UnspecifiedMatching	
wnk:wk001069	palace chapel	skos:broadMatch	aat:300007462		semapv:UnspecifiedMatching	
wnk:wk001071	limework	skos:broadMatch	aat:300255747		semapv:UnspecifiedMatching	
wnk:wk001089	hiking trail	skos:broadMatch	aat:300000626		semapv:UnspecifiedMatching	
wnk:wk001093	workshop (work space)	skos:exactMatch	aat:300004531		semapv:UnspecifiedMatching	
wnk:wk001094	spoil pile	skos:broadMatch	aat:300000821		semapv:UnspecifiedMatching	
wnk:wk001098	sewage treatment plant	skos:exactMatch	aat:300006218		semapv:UnspecifiedMatching	
wnk:wk001105	youth hostel	skos:closeMatch	aat:300007164		semapv:UnspecifiedMatching	
wnk:wk001106	Heilstätte	skos:closeMatch	aat:300006720		semapv:UnspecifiedMatching	
wnk:wk001107	psychiatric hospital	skos:exactMatch	aat:300006733		semapv:UnspecifiedMatching	
wnk:wk001108	reformatory (building)	skos:exactMatch	aat:300006483		semapv:UnspecifiedMatching	
wnk:wk001123	cement works	skos:closeMatch	aat:300006282		semapv:UnspecifiedMatching	
wnk:wk001125	berth (waterfront space)	skos:exactMatch	aat:300007927		semapv:UnspecifiedMatching	
wnk:wk001129	storehouse (storage facility)	skos:exactMatch	aat:300265138		semapv:UnspecifiedMatching	
wnk:wk001130	depot	skos:exactMatch	aat:300312279		semapv:UnspecifiedMatching	
wnk:wk001133	Furnishing and Equipment (hierarchy name)	skos:closeMatch	aat:300264551		semapv:UnspecifiedMatching	
wnk:wk001134	place of pilgrimage	skos:closeMatch	aat:300008459		semapv:UnspecifiedMatching	
wnk:wk001135	pilgrimage	skos:exactMatch	aat:300069279		semapv:UnspecifiedMatching	
wnk:wk001136	camp (settlement)	skos:narrowMatch	aat:300257104		semapv:UnspecifiedMatching	
wnk:wk001139	horse racetrack	skos:exactMatch	aat:300000608		semapv:UnspecifiedMatching	
wnk:wk001144	tunnel	skos:exactMatch	aat:300007899		semapv:UnspecifiedMatching	
wnk:wk001145	Eisenbahntunnel	skos:exactMatch	aat:300007904		semapv:UnspecifiedMatching	
wnk:wk001148	distillery	skos:closeMatch	aat:300006346		semapv:UnspecifiedMatching	
wnk:wk001151	milestone	skos:exactMatch	aat:300006973		semapv:UnspecifiedMatching	
wnk:wk001158	smithy	skos:exactMatch	aat:300007734		semapv:UnspecifiedMatching	
wnk:wk001160	terminal (building)	skos:exactMatch	aat:300007748		semapv:UnspecifiedMatching	
wnk:wk001165	farmhouse	skos:exactMatch	aat:300005574		semapv:UnspecifiedMatching	
wnk:wk001166	farm winery	skos:relatedMatch	aat:300006359		semapv:UnspecifiedMatching	
wnk:wk001168	university building	skos:exactMatch	aat:300006617		semapv:UnspecifiedMatching	
wnk:wk001171	limekiln	skos:exactMatch	aat:300006404		semapv:UnspecifiedMatching	
wnk:wk001176	war	skos:closeMatch	aat:300055314		semapv:UnspecifiedMatching	
wnk:wk001185	rampart (fortification)	skos:closeMatch	aat:300002505		semapv:UnspecifiedMatching	
wnk:wk001192	nuclear power station	skos:exactMatch	aat:300000439		semapv:UnspecifiedMatching	
wnk:wk001194	dump (refuse area)	skos:exactMatch	aat:300000824		semapv:UnspecifiedMatching	
wnk:wk001196	landfill	skos:closeMatch	aat:300000830		semapv:UnspecifiedMatching	
wnk:wk001198	waterworks	skos:exactMatch	aat:300006215		semapv:UnspecifiedMatching	
wnk:wk001219	checkpoint	skos:closeMatch	aat:300193871		semapv:UnspecifiedMatching	
wnk:wk001221	research institute	skos:exactMatch	aat:300343397		semapv:UnspecifiedMatching	
wnk:wk001222	research laboratory	skos:exactMatch	aat:300120651		semapv:UnspecifiedMatching	
wnk:wk001226	nursing home for the elderly	skos:exactMatch	aat:300006709		semapv:UnspecifiedMatching	
wnk:wk001228	bleach plant	skos:closeMatch	aat:300006329		semapv:UnspecifiedMatching	
wnk:wk001237	sod (soil)	skos:exactMatch	aat:300014358		semapv:UnspecifiedMatching	
wnk:wk001239	factory (structure)	skos:exactMatch	aat:300006232		semapv:UnspecifiedMatching	
wnk:wk001241	basilica (work by form)	skos:exactMatch	aat:300170443		semapv:UnspecifiedMatching	
wnk:wk001245	boundary marker	skos:closeMatch	aat:300006962		semapv:UnspecifiedMatching	
wnk:wk001248	bunker	skos:closeMatch	aat:300006940		semapv:UnspecifiedMatching	
wnk:wk001251	Kino (Bauwerk)	skos:exactMatch	aat:300007135		semapv:UnspecifiedMatching	
wnk:wk001253	church tower	skos:exactMatch	aat:300003625		semapv:UnspecifiedMatching	
wnk:wk001265	antiquity	skos:exactMatch	aat:300055818		semapv:UnspecifiedMatching	
wnk:wk001272	industrial building	skos:closeMatch	aat:300006231		semapv:UnspecifiedMatching	
wnk:wk001275	pavilion (building division)	skos:exactMatch	aat:300002660		semapv:UnspecifiedMatching	
wnk:wk001280	powerhouse	skos:relatedMatch	aat:300006366		semapv:UnspecifiedMatching	
wnk:wk001284	monopteros	skos:exactMatch	aat:300007600		semapv:UnspecifiedMatching	
wnk:wk001285	musical instrument	skos:closeMatch	aat:300041620		semapv:UnspecifiedMatching	
wnk:wk001290	dooryards	skos:exactMatch	aat:300108415		semapv:UnspecifiedMatching	
wnk:wk001291	painting (image-making)	skos:exactMatch	aat:300054216		semapv:UnspecifiedMatching	
wnk:wk001292	mural painting (image-making)	skos:exactMatch	aat:300178677		semapv:UnspecifiedMatching	
wnk:wk001294	tower house (defensive structures)	skos:closeMatch	aat:300182716		semapv:UnspecifiedMatching	
wnk:wk001295	movable bridge	skos:closeMatch	aat:300007857		semapv:UnspecifiedMatching	
wnk:wk001296	drawbridge	skos:exactMatch	aat:300007858		semapv:UnspecifiedMatching	
wnk:wk001297	swing bridge	skos:exactMatch	aat:300007861		semapv:UnspecifiedMatching	
wnk:wk001298	lift bridge	skos:exactMatch	aat:300007860		semapv:UnspecifiedMatching	
wnk:wk001302	apsidiole	skos:exactMatch	aat:300004593		semapv:UnspecifiedMatching	
wnk:wk001308	bergfried	skos:broadMatch	aat:300003694		semapv:UnspecifiedMatching	
wnk:wk001313	fire station	skos:exactMatch	aat:300006044		semapv:UnspecifiedMatching	
wnk:wk001314	belfry	skos:exactMatch	aat:300004848		semapv:UnspecifiedMatching	
wnk:wk001321	pavement (surface element)	skos:closeMatch	aat:300002088		semapv:UnspecifiedMatching	
wnk:wk001327	cloister	skos:exactMatch	aat:300007423		semapv:UnspecifiedMatching	
wnk:wk001329	dairy plant	skos:narrowMatch	aat:300083012		semapv:UnspecifiedMatching	
wnk:wk001329	dairy plant	skos:relatedMatch	aat:300006343		semapv:UnspecifiedMatching	
wnk:wk001331	parterres	skos:closeMatch	aat:300184573		semapv:UnspecifiedMatching	
wnk:wk001342	open-air museum	skos:exactMatch	aat:300265641		semapv:UnspecifiedMatching	
wnk:wk001350	documentation centre	skos:exactMatch	aat:300005040		semapv:UnspecifiedMatching	
wnk:wk001352	courtyard	skos:closeMatch	aat:300004095		semapv:UnspecifiedMatching	
wnk:wk001358	arcade	skos:broadMatch	aat:300002580		semapv:UnspecifiedMatching	
wnk:wk001362	blind arcade	skos:closeMatch	aat:300002582		semapv:UnspecifiedMatching	
wnk:wk001370	vault (structural element)	skos:exactMatch	aat:300001324		semapv:UnspecifiedMatching	
wnk:wk001381	bell frame	skos:exactMatch	aat:300137347		semapv:UnspecifiedMatching	
wnk:wk001390	column (architectural element)	skos:exactMatch	aat:300001571		semapv:UnspecifiedMatching	
wnk:wk001392	coking plant	skos:exactMatch	aat:300254273		semapv:UnspecifiedMatching	
wnk:wk001404	clerestory	skos:exactMatch	aat:300002655		semapv:UnspecifiedMatching	
wnk:wk001406	pillar	skos:exactMatch	aat:300000953		semapv:UnspecifiedMatching	
wnk:wk001407	pilaster	skos:exactMatch	aat:300002737		semapv:UnspecifiedMatching	
wnk:wk001428	visual axis	skos:closeMatch	aat:300056351		semapv:UnspecifiedMatching	
wnk:wk001438	roadhouse	skos:closeMatch	aat:300005206		semapv:UnspecifiedMatching	
wnk:wk001440	Eyecatcher (Gartenbauwerk)	skos:exactMatch	aat:300133865		semapv:UnspecifiedMatching	
wnk:wk001447	grove	skos:closeMatch	aat:300008884		semapv:UnspecifiedMatching	
wnk:wk001450	power house	skos:narrowMatch	aat:300006366		semapv:UnspecifiedMatching	
wnk:wk001452	railroad yard	skos:exactMatch	aat:300000690		semapv:UnspecifiedMatching	
wnk:wk001464	coal-fired power plant	skos:exactMatch	aat:300000434		semapv:UnspecifiedMatching	
wnk:wk001472	seigneury	skos:exactMatch	aat:300000790		semapv:UnspecifiedMatching	
wnk:wk001476	cour d'honneur	skos:exactMatch	aat:300004104		semapv:UnspecifiedMatching	
wnk:wk001478	Einkaufszentrum	skos:exactMatch	aat:300005268		semapv:UnspecifiedMatching	
wnk:wk001479	retail store	skos:closeMatch	aat:300005361		semapv:UnspecifiedMatching	
wnk:wk001482	sewer	skos:closeMatch	aat:300006122		semapv:UnspecifiedMatching	
wnk:wk001484	fence	skos:closeMatch	aat:300005044		semapv:UnspecifiedMatching	
wnk:wk001497	Paleozoic Era	skos:exactMatch	aat:300391254		semapv:UnspecifiedMatching	
wnk:wk001498	Cambrian Period	skos:exactMatch	aat:300391263		semapv:UnspecifiedMatching	
wnk:wk001505	Associated Concept (facet)	skos:relatedMatch	aat:300264086		semapv:UnspecifiedMatching	
wnk:wk001513	altar	skos:closeMatch	aat:300003725		semapv:UnspecifiedMatching	
wnk:wk001521	cremation urn	skos:exactMatch	aat:300124808		semapv:UnspecifiedMatching	
wnk:wk001523	ballot box	skos:exactMatch	aat:300194529		semapv:UnspecifiedMatching	
wnk:wk001532	ferry	skos:exactMatch	aat:300178870		semapv:UnspecifiedMatching	
wnk:wk001538	Gehweg	skos:exactMatch	aat:300003893		semapv:UnspecifiedMatching	
wnk:wk001541	excavation	skos:closeMatch	aat:300266151		semapv:UnspecifiedMatching	
wnk:wk001547	pasture	skos:exactMatch	aat:300008635		semapv:UnspecifiedMatching	
wnk:wk001556	crane	skos:exactMatch	aat:300022331		semapv:UnspecifiedMatching	
wnk:wk001560	glass painting (image-making)	skos:exactMatch	aat:300263757		semapv:UnspecifiedMatching	
wnk:wk001581	kindergarten (institution)	skos:exactMatch	aat:300343465		semapv:UnspecifiedMatching	
wnk:wk001587	churchyard	skos:closeMatch	aat:300000360		semapv:UnspecifiedMatching	
wnk:wk001592	clarifying basin	skos:closeMatch	aat:300006169		semapv:UnspecifiedMatching	
wnk:wk001618	gondola car	skos:closeMatch	aat:300228521		semapv:UnspecifiedMatching	
wnk:wk001638	pesthouses	skos:exactMatch	aat:300006697		semapv:UnspecifiedMatching	
wnk:wk001641	gatekeeper's house	skos:broadMatch	aat:300005621		semapv:UnspecifiedMatching	
wnk:wk001647	hydroelectric power plant	skos:exactMatch	aat:300000422		semapv:UnspecifiedMatching	
wnk:wk001648	pump storage station	skos:exactMatch	aat:300000425		semapv:UnspecifiedMatching	
wnk:wk001659	saw mill	skos:relatedMatch	aat:300006306		semapv:UnspecifiedMatching	
wnk:wk001664	firing range	skos:exactMatch	aat:300000619		semapv:UnspecifiedMatching	
wnk:wk001689	tram (rolling stock)	skos:closeMatch	aat:300212893		semapv:UnspecifiedMatching	
wnk:wk001697	thermae	skos:exactMatch	aat:300007364		semapv:UnspecifiedMatching	
wnk:wk001713	political event	skos:closeMatch	aat:300187571		semapv:UnspecifiedMatching	
wnk:wk001721	refuge	skos:narrowMatch	aat:300005677		semapv:UnspecifiedMatching	
wnk:wk001723	rolling mill	skos:closeMatch	aat:300006316		semapv:UnspecifiedMatching	
wnk:wk001729	wind power plant	skos:exactMatch	aat:300000445		semapv:UnspecifiedMatching	
wnk:wk001731	city blocks	skos:closeMatch	aat:300008077		semapv:UnspecifiedMatching	
wnk:wk001732	dormitories (buildings)	skos:closeMatch	aat:300005668		semapv:UnspecifiedMatching	
wnk:wk001739	Ordovician Period	skos:exactMatch	aat:300391264		semapv:UnspecifiedMatching	
wnk:wk001740	Silurian Period	skos:exactMatch	aat:300391265		semapv:UnspecifiedMatching	
wnk:wk001741	Devonian Period	skos:exactMatch	aat:300391468		semapv:UnspecifiedMatching	
wnk:wk001756	Carboniferous Period	skos:exactMatch	aat:300391469		semapv:UnspecifiedMatching	
wnk:wk001757	Permian Period	skos:exactMatch	aat:300391470		semapv:UnspecifiedMatching	
wnk:wk001760	Cretaceous Period	skos:exactMatch	aat:300391260		semapv:UnspecifiedMatching	
wnk:wk001761	Paleogene Period	skos:exactMatch	aat:300391472		semapv:UnspecifiedMatching	
wnk:wk001763	Quaternary Period	skos:exactMatch	aat:300391278		semapv:UnspecifiedMatching	
wnk:wk001769	animal	skos:exactMatch	aat:300249395		semapv:UnspecifiedMatching	
wnk:wk001770	hunt	skos:closeMatch	aat:300239666		semapv:UnspecifiedMatching	
wnk:wk001773	workmen's dwellings	skos:closeMatch	aat:300155931		semapv:UnspecifiedMatching	
wnk:wk001777	Pleistocene Epoch	skos:exactMatch	aat:300391279		semapv:UnspecifiedMatching	
wnk:wk001793	railway embankment	skos:broadMatch	aat:300008023		semapv:UnspecifiedMatching	
wnk:wk001797	greenhouse	skos:exactMatch	aat:300004938		semapv:UnspecifiedMatching	
wnk:wk001802	bailey	skos:closeMatch	aat:300003688		semapv:UnspecifiedMatching	
wnk:wk001808	iron ore mine	skos:broadMatch	aat:300000399		semapv:UnspecifiedMatching	
wnk:wk001811	fossil	skos:closeMatch	aat:300247919		semapv:UnspecifiedMatching	
wnk:wk001845	palisade	skos:closeMatch	aat:300003717		semapv:UnspecifiedMatching	
wnk:wk001851	ore	skos:exactMatch	aat:300152583		semapv:UnspecifiedMatching	
wnk:wk001855	dockyard	skos:closeMatch	aat:300000403		semapv:UnspecifiedMatching	
wnk:wk001855	dockyard	skos:closeMatch	aat:300120803		semapv:UnspecifiedMatching	
wnk:wk001855	dockyard	skos:narrowMatch	aat:300387501		semapv:UnspecifiedMatching	
wnk:wk001861	chimney (architectural element)	skos:closeMatch	aat:300003933		semapv:UnspecifiedMatching	
wnk:wk001862	floating bridge	skos:exactMatch	aat:300007849		semapv:UnspecifiedMatching	
wnk:wk001865	silver mine	skos:closeMatch	aat:300132655		semapv:UnspecifiedMatching	
wnk:wk001867	coal mine	skos:broadMatch	aat:300000396		semapv:UnspecifiedMatching	
wnk:wk001878	water mains	skos:closeMatch	aat:300006206		semapv:UnspecifiedMatching	
wnk:wk001892	parish	skos:closeMatch	aat:300000773		semapv:UnspecifiedMatching	
wnk:wk001896	religious organization	skos:exactMatch	aat:300250844		semapv:UnspecifiedMatching	
wnk:wk001904	visual work by subject type	skos:closeMatch	aat:300191098		semapv:UnspecifiedMatching	
wnk:wk001905	devotional image (religious work)	skos:broadMatch	aat:300178241		semapv:UnspecifiedMatching	
wnk:wk001905	devotional image (religious work)	skos:exactMatch	aat:300178242		semapv:UnspecifiedMatching	
wnk:wk001909	altar table	skos:closeMatch	aat:300411357		semapv:UnspecifiedMatching	
wnk:wk001911	baptismal font	skos:exactMatch	aat:300080617		semapv:UnspecifiedMatching	
wnk:wk001915	mensa (altar component)	skos:exactMatch	aat:300075933		semapv:UnspecifiedMatching	
wnk:wk001924	seating furniture	skos:exactMatch	aat:300037769		semapv:UnspecifiedMatching	
wnk:wk001925	confessional (religious building fixture)	skos:exactMatch	aat:300003777		semapv:UnspecifiedMatching	
wnk:wk001927	crucifix	skos:exactMatch	aat:300248835		semapv:UnspecifiedMatching	
wnk:wk001928	miraculous image	skos:closeMatch	aat:300256521		semapv:UnspecifiedMatching	
wnk:wk001931	procession	skos:closeMatch	aat:300069290		semapv:UnspecifiedMatching	
wnk:wk001937	stair tower	skos:exactMatch	aat:300130963		semapv:UnspecifiedMatching	
wnk:wk001939	rocaille	skos:exactMatch	aat:300132707		semapv:UnspecifiedMatching	
wnk:wk001942	spolia	skos:exactMatch	aat:300133149		semapv:UnspecifiedMatching	
wnk:wk001956	Augustinian	skos:exactMatch	aat:300255068		semapv:UnspecifiedMatching	
wnk:wk001959	collegiate church	skos:relatedMatch	aat:300007515		semapv:UnspecifiedMatching	
wnk:wk001962	object genre by function	skos:closeMatch	aat:300117143		semapv:UnspecifiedMatching	
wnk:wk001968	Balloon framing	skos:relatedMatch	aat:300065291		semapv:UnspecifiedMatching	
wnk:wk001974	angle brace	skos:closeMatch	aat:300001838		semapv:UnspecifiedMatching	
wnk:wk001975	wall plate	skos:exactMatch	aat:300001868		semapv:UnspecifiedMatching	
wnk:wk001994	frieze	skos:exactMatch	aat:300123582		semapv:UnspecifiedMatching	
wnk:wk001998	interlace (art)	skos:closeMatch	aat:300080898		semapv:UnspecifiedMatching	
wnk:wk002008	brick	skos:closeMatch	aat:300010463		semapv:UnspecifiedMatching	
wnk:wk002026	baking oven	skos:closeMatch	aat:300195511		semapv:UnspecifiedMatching	
wnk:wk002031	hall	skos:closeMatch	aat:300004420		semapv:UnspecifiedMatching	
wnk:wk002037	stucco (material)	skos:exactMatch	aat:300014966		semapv:UnspecifiedMatching	
wnk:wk002039	poplar	skos:exactMatch	aat:300375211		semapv:UnspecifiedMatching	
wnk:wk002047	Augustinian nuns	skos:broadMatch	aat:300255068		semapv:UnspecifiedMatching	
wnk:wk002078	gravel plant (geology)	skos:exactMatch	aat:300000389		semapv:UnspecifiedMatching	
wnk:wk002107	performing arts structure	skos:exactMatch	aat:300121919		semapv:UnspecifiedMatching	
wnk:wk002114	Late Middle Ages	skos:relatedMatch	aat:300111307		semapv:UnspecifiedMatching	
wnk:wk002149	telegraph station	skos:closeMatch	aat:300005371		semapv:UnspecifiedMatching	
wnk:wk002151	table (support furniture)	skos:exactMatch	aat:300039548		semapv:UnspecifiedMatching	
wnk:wk002175	dance hall	skos:exactMatch	aat:300007235		semapv:UnspecifiedMatching	
wnk:wk002189	television tower	skos:exactMatch	aat:300165414		semapv:UnspecifiedMatching	
wnk:wk002190	radio tower	skos:exactMatch	aat:300005420		semapv:UnspecifiedMatching	
wnk:wk002193	casting (process)	skos:closeMatch	aat:300053104		semapv:UnspecifiedMatching	
wnk:wk002195	tanning (hide processing)	skos:exactMatch	aat:300053944		semapv:UnspecifiedMatching	
wnk:wk002208	single built work (built environment)	skos:exactMatch	aat:300004790		semapv:UnspecifiedMatching	
wnk:wk002209	single built work by form	skos:exactMatch	aat:300004796		semapv:UnspecifiedMatching	
wnk:wk002211	storage facility	skos:exactMatch	aat:300007700		semapv:UnspecifiedMatching	
wnk:wk002212	single built work by function	skos:exactMatch	aat:300004894		semapv:UnspecifiedMatching	
wnk:wk002216	agricultural building	skos:exactMatch	aat:300004898		semapv:UnspecifiedMatching	
wnk:wk002222	transportation structure	skos:exactMatch	aat:300120693		semapv:UnspecifiedMatching	
wnk:wk002223	bronze casting	skos:exactMatch	aat:300438656		semapv:UnspecifiedMatching	
wnk:wk002224	foundry	skos:exactMatch	aat:300266773		semapv:UnspecifiedMatching	
wnk:wk002229	ceremonial structure	skos:exactMatch	aat:300263489		semapv:UnspecifiedMatching	
wnk:wk002231	single built work by location or context	skos:exactMatch	aat:300007999		semapv:UnspecifiedMatching	
wnk:wk002236	coalmine	skos:exactMatch	aat:300000396		semapv:UnspecifiedMatching	
wnk:wk002239	Organization (hierarchy name)	skos:exactMatch	aat:300234770		semapv:UnspecifiedMatching	
wnk:wk002243	keep (donjon)	skos:broadMatch	aat:300003694		semapv:UnspecifiedMatching	
wnk:wk002246	human remains	skos:closeMatch	aat:300379896		semapv:UnspecifiedMatching	
wnk:wk002248	business (business enterprises)	skos:closeMatch	aat:300025966		semapv:UnspecifiedMatching	
wnk:wk002262	Industriebetrieb	skos:exactMatch	aat:300379421		semapv:UnspecifiedMatching	
wnk:wk002263	glass works	skos:broadMatch	aat:300389672		semapv:UnspecifiedMatching	
wnk:wk002264	glass blowing workshop	skos:broadMatch	aat:300389672		semapv:UnspecifiedMatching	
wnk:wk002265	lime works	skos:closeMatch	aat:300255747		semapv:UnspecifiedMatching	
wnk:wk002266	ironworks	skos:closeMatch	aat:300006296		semapv:UnspecifiedMatching	
wnk:wk002284	Tetrarchy (period)	skos:relatedMatch	aat:300020575		semapv:UnspecifiedMatching	
wnk:wk002306	arch	skos:exactMatch	aat:300000994		semapv:UnspecifiedMatching	
wnk:wk002319	masonry	skos:closeMatch	aat:300015334		semapv:UnspecifiedMatching	
wnk:wk002328	winery	skos:relatedMatch	aat:300006359		semapv:UnspecifiedMatching	
wnk:wk002340	business enterprise by function	skos:exactMatch	aat:300256408		semapv:UnspecifiedMatching	
wnk:wk002341	manufactory	skos:exactMatch	aat:300264603		semapv:UnspecifiedMatching	
wnk:wk002348	industrial plant	skos:exactMatch	aat:300000385		semapv:UnspecifiedMatching	
wnk:wk002348	industrial plant	skos:exactMatch	aat:300265645		semapv:UnspecifiedMatching	
wnk:wk002366	purlin	skos:exactMatch	aat:300002399		semapv:UnspecifiedMatching	
wnk:wk002375	gatehouse	skos:broadMatch	aat:300005621		semapv:UnspecifiedMatching	
wnk:wk002394	handlooms	skos:closeMatch	aat:300023505		semapv:UnspecifiedMatching	
wnk:wk002395	village	skos:exactMatch	aat:300008372		semapv:UnspecifiedMatching	
wnk:wk002398	museum (building)	skos:closeMatch	aat:300005768		semapv:UnspecifiedMatching	
wnk:wk002400	school building	skos:closeMatch	aat:300006495		semapv:UnspecifiedMatching	
wnk:wk002406	university	skos:exactMatch	aat:300312240		semapv:UnspecifiedMatching	
wnk:wk002407	bath (built work)	skos:narrowMatch	aat:300444147		semapv:UnspecifiedMatching	
wnk:wk002412	archive (institution)	skos:exactMatch	aat:300312242		semapv:UnspecifiedMatching	
wnk:wk002425	deposit (geology)	skos:closeMatch	aat:300264846		semapv:UnspecifiedMatching	
wnk:wk002441	administration building	skos:closeMatch	aat:300007049		semapv:UnspecifiedMatching	
wnk:wk002487	tabernacle	skos:exactMatch	aat:300207778		semapv:UnspecifiedMatching	
wnk:wk002494	building elevation attribute	skos:closeMatch	aat:300163697		semapv:UnspecifiedMatching	
wnk:wk002498	surface elements and surface element components	skos:closeMatch	aat:300078075		semapv:UnspecifiedMatching	
wnk:wk002499	information carrier	skos:exactMatch	aat:300230425		semapv:UnspecifiedMatching	
wnk:wk002501	quadrangular	skos:exactMatch	aat:300263826		semapv:UnspecifiedMatching	
wnk:wk002502	round	skos:exactMatch	aat:300121969		semapv:UnspecifiedMatching	
wnk:wk002505	material by function	skos:exactMatch	aat:300014692		semapv:UnspecifiedMatching	
wnk:wk002506	building material	skos:exactMatch	aat:300014857		semapv:UnspecifiedMatching	
wnk:wk002507	architectural terracotta	skos:closeMatch	aat:300010670		semapv:UnspecifiedMatching	
wnk:wk002510	dimension stone	skos:closeMatch	aat:300070045		semapv:UnspecifiedMatching	
wnk:wk002513	sedimentary rock	skos:closeMatch	aat:300011273		semapv:UnspecifiedMatching	
wnk:wk002519	schoolyard	skos:closeMatch	aat:300169513		semapv:UnspecifiedMatching	
wnk:wk002523	postern	skos:exactMatch	aat:300002932		semapv:UnspecifiedMatching	
wnk:wk002527	precious stone	skos:closeMatch	aat:300133732		semapv:UnspecifiedMatching	
wnk:wk002528	Halbedelstein	skos:exactMatch	aat:300011175		semapv:UnspecifiedMatching	
wnk:wk002532	coal	skos:exactMatch	aat:300015149		semapv:UnspecifiedMatching	
wnk:wk002533	lignite	skos:exactMatch	aat:300211957		semapv:UnspecifiedMatching	
wnk:wk002535	quartz (mineral)	skos:exactMatch	aat:300011132		semapv:UnspecifiedMatching	
wnk:wk002538	limestone	skos:closeMatch	aat:300011286		semapv:UnspecifiedMatching	
wnk:wk002541	parish (religious)	skos:exactMatch	aat:300000773		semapv:UnspecifiedMatching	
wnk:wk002549	sacrifice	skos:exactMatch	aat:300263243		semapv:UnspecifiedMatching	
wnk:wk002551	train (vehicle grouping)	skos:exactMatch	aat:300212738		semapv:UnspecifiedMatching	
wnk:wk002554	sill beam	skos:exactMatch	aat:300001856		semapv:UnspecifiedMatching	
wnk:wk002555	non-earthfast post	skos:closeMatch	aat:300001609		semapv:UnspecifiedMatching	
wnk:wk002561	stud (structural components)	skos:closeMatch	aat:300001882		semapv:UnspecifiedMatching	
wnk:wk002566	landform (terrestrial)	skos:exactMatch	aat:300266060		semapv:UnspecifiedMatching	
wnk:wk002571	windmill	skos:exactMatch	aat:300006273		semapv:UnspecifiedMatching	
wnk:wk002579	Style and Period (facet)	skos:closeMatch	aat:300264088		semapv:UnspecifiedMatching	
wnk:wk002580	Baroque	skos:exactMatch	aat:300021147		semapv:UnspecifiedMatching	
wnk:wk002581	gothic style	skos:closeMatch	aat:300020775		semapv:UnspecifiedMatching	
wnk:wk002583	garden	skos:exactMatch	aat:300008090		semapv:UnspecifiedMatching	
wnk:wk002585	Object (facet)	skos:exactMatch	aat:300264092		semapv:UnspecifiedMatching	
wnk:wk002587	Material (facet)	skos:exactMatch	aat:300264091		semapv:UnspecifiedMatching	
wnk:wk002588	roof tile	skos:closeMatch	aat:300010463		semapv:UnspecifiedMatching	
wnk:wk002599	gable	skos:exactMatch	aat:300002296		semapv:UnspecifiedMatching	
wnk:wk002601	escalator	skos:exactMatch	aat:300051244		semapv:UnspecifiedMatching	
wnk:wk002614	earthfast post	skos:narrowMatch	aat:300001609		semapv:UnspecifiedMatching	
wnk:wk002617	hermitage (religious retreat)	skos:exactMatch	aat:300000640		semapv:UnspecifiedMatching	
wnk:wk002680	bond (masonry technique)	skos:closeMatch	aat:300175495		semapv:UnspecifiedMatching	
wnk:wk002686	header (brickwork)	skos:exactMatch	aat:300010569		semapv:UnspecifiedMatching	
wnk:wk002699	brewery	skos:exactMatch	aat:300006341		semapv:UnspecifiedMatching	
wnk:wk002705	cultural landscape (planning)	skos:closeMatch	aat:300008932		semapv:UnspecifiedMatching	
wnk:wk002706	settlement by form	skos:exactMatch	aat:300008350		semapv:UnspecifiedMatching	
wnk:wk002725	grave	skos:narrowMatch	aat:300005907		semapv:UnspecifiedMatching	
wnk:wk002725	grave	skos:narrowMatch	aat:300005926		semapv:UnspecifiedMatching	
wnk:wk002731	bascule bridge	skos:exactMatch	aat:300007859		semapv:UnspecifiedMatching	
wnk:wk002738	retrochoir	skos:narrowMatch	aat:300004599		semapv:UnspecifiedMatching	
wnk:wk002750	baptismal bowl	skos:exactMatch	aat:300197314		semapv:UnspecifiedMatching	
wnk:wk002757	shaft mine	skos:closeMatch	aat:300417352		semapv:UnspecifiedMatching	
wnk:wk002766	pump (machine)	skos:closeMatch	aat:300024787		semapv:UnspecifiedMatching	
wnk:wk002785	Early Cretaceous Epoch	skos:exactMatch	aat:300391281		semapv:UnspecifiedMatching	
wnk:wk002786	Late Cretaceous Epoch	skos:exactMatch	aat:300391282		semapv:UnspecifiedMatching	
wnk:wk002801	basin (vessel)	skos:closeMatch	aat:300045614		semapv:UnspecifiedMatching	
wnk:wk002804	library	skos:exactMatch	aat:300312241		semapv:UnspecifiedMatching	
wnk:wk002822	transformer	skos:exactMatch	aat:300050773		semapv:UnspecifiedMatching	
wnk:wk002828	water treatment plant	skos:closeMatch	aat:300006225		semapv:UnspecifiedMatching	
wnk:wk002833	laboratory (building)	skos:exactMatch	aat:300007660		semapv:UnspecifiedMatching	
wnk:wk002839	hut (house)	skos:exactMatch	aat:300004824		semapv:UnspecifiedMatching	
wnk:wk002843	garage	skos:closeMatch	aat:300007806		semapv:UnspecifiedMatching	
wnk:wk002848	tank (container)	skos:exactMatch	aat:300198941		semapv:UnspecifiedMatching	
wnk:wk002852	Technical Museum	skos:broadMatch	aat:300312325		semapv:UnspecifiedMatching	
wnk:wk002859	woody plant	skos:exactMatch	aat:300132372		semapv:UnspecifiedMatching	
wnk:wk002860	transportation museum (institution)	skos:exactMatch	aat:300391380		semapv:UnspecifiedMatching	
wnk:wk002862	furniture	skos:exactMatch	aat:300037680		semapv:UnspecifiedMatching	
wnk:wk002864	astronomy	skos:exactMatch	aat:300054534		semapv:UnspecifiedMatching	
wnk:wk002867	weapon	skos:exactMatch	aat:300036926		semapv:UnspecifiedMatching	
wnk:wk002876	watering trough	skos:broadMatch	aat:300220971		semapv:UnspecifiedMatching	
wnk:wk002884	vocational school	skos:exactMatch	aat:300343436		semapv:UnspecifiedMatching	
wnk:wk002915	bosquet	skos:exactMatch	aat:300008857		semapv:UnspecifiedMatching	
wnk:wk002921	traffic sign	skos:exactMatch	aat:300211849		semapv:UnspecifiedMatching	
wnk:wk002924	trap (trapping equipment)	skos:closeMatch	aat:300247420		semapv:UnspecifiedMatching	
wnk:wk002935	guardroom	skos:exactMatch	aat:300255752		semapv:UnspecifiedMatching	
wnk:wk002939	anti-tank obstacle	skos:relatedMatch	aat:300411512		semapv:UnspecifiedMatching	
wnk:wk002943	aqueduct	skos:closeMatch	aat:300006165		semapv:UnspecifiedMatching	
wnk:wk002951	drill ground	skos:exactMatch	aat:300191131		semapv:UnspecifiedMatching	
wnk:wk002956	salt mine	skos:closeMatch	aat:300266385		semapv:UnspecifiedMatching	
wnk:wk002960	saline	skos:exactMatch	aat:300045537		semapv:UnspecifiedMatching	
wnk:wk002961	refinery	skos:exactMatch	aat:300006254		semapv:UnspecifiedMatching	
wnk:wk002971	material by form	skos:exactMatch	aat:300014611		semapv:UnspecifiedMatching	
wnk:wk002972	materials by physical form	skos:exactMatch	aat:300247256		semapv:UnspecifiedMatching	
wnk:wk002973	fiber and fiber by product	skos:exactMatch	aat:300014023		semapv:UnspecifiedMatching	
wnk:wk002980	fishing and trapping tool and equipment	skos:closeMatch	aat:300247419		semapv:UnspecifiedMatching	
wnk:wk002987	natural fiber	skos:closeMatch	aat:300014027		semapv:UnspecifiedMatching	
wnk:wk002988	Tierische Faser	skos:exactMatch	aat:300386673		semapv:UnspecifiedMatching	
wnk:wk002989	synthetic fibers	skos:closeMatch	aat:300014058		semapv:UnspecifiedMatching	
wnk:wk002996	slaughterhouse	skos:exactMatch	aat:300006354		semapv:UnspecifiedMatching	
wnk:wk002998	hammer mill	skos:relatedMatch	aat:300023167		semapv:UnspecifiedMatching	
wnk:wk003002	cooling tower	skos:exactMatch	aat:300052180		semapv:UnspecifiedMatching	
wnk:wk003005	police academy	skos:exactMatch	aat:300343419		semapv:UnspecifiedMatching	
wnk:wk003012	forest and nature activity	skos:closeMatch	aat:300239491		semapv:UnspecifiedMatching	
wnk:wk003014	fish trap	skos:closeMatch	aat:300263216		semapv:UnspecifiedMatching	
wnk:wk003019	net (catching device)	skos:closeMatch	aat:300431360		semapv:UnspecifiedMatching	
wnk:wk003022	Pflanzenfaser	skos:closeMatch	aat:300014031		semapv:UnspecifiedMatching	
wnk:wk003023	agricultural land	skos:closeMatch	aat:300008631		semapv:UnspecifiedMatching	
wnk:wk003025	beer garden	skos:exactMatch	aat:300005173		semapv:UnspecifiedMatching	
wnk:wk003027	bast fiber	skos:closeMatch	aat:300048153		semapv:UnspecifiedMatching	
wnk:wk003036	bee house	skos:exactMatch	aat:300004966		semapv:UnspecifiedMatching	
wnk:wk003037	beehive	skos:closeMatch	aat:300004970		semapv:UnspecifiedMatching	
wnk:wk003040	mouse trap	skos:exactMatch	aat:300024411		semapv:UnspecifiedMatching	
wnk:wk003074	outdoor café	skos:exactMatch	aat:300005203		semapv:UnspecifiedMatching	
wnk:wk003106	atrium house	skos:exactMatch	aat:300005451		semapv:UnspecifiedMatching	
wnk:wk003123	choir stall	skos:exactMatch	aat:300076128		semapv:UnspecifiedMatching	
wnk:wk003127	palaeontology	skos:closeMatch	aat:300054555		semapv:UnspecifiedMatching	
wnk:wk003128	interior space	skos:exactMatch	aat:300078790		semapv:UnspecifiedMatching	
wnk:wk003145	turntable (rail transportation structure)	skos:exactMatch	aat:300007925		semapv:UnspecifiedMatching	
wnk:wk003150	Seilbahn	skos:exactMatch	aat:300008597		semapv:UnspecifiedMatching	
wnk:wk003151	Luftseilbahn	skos:closeMatch	aat:300250956		semapv:UnspecifiedMatching	
wnk:wk003152	funicular	skos:closeMatch	aat:300155910		semapv:UnspecifiedMatching	
wnk:wk003156	reception building	skos:narrowMatch	aat:300007794		semapv:UnspecifiedMatching	
wnk:wk003158	sambuca	skos:closeMatch	aat:300007857		semapv:UnspecifiedMatching	
wnk:wk003159	portcullis	skos:exactMatch	aat:300002921		semapv:UnspecifiedMatching	
wnk:wk003161	truss (structural element)	skos:closeMatch	aat:300001892		semapv:UnspecifiedMatching	
wnk:wk003165	pedestrian bridge	skos:closeMatch	aat:300007883		semapv:UnspecifiedMatching	
wnk:wk003182	idiophone	skos:exactMatch	aat:300041646		semapv:UnspecifiedMatching	
wnk:wk003185	bell (idiophone)	skos:closeMatch	aat:300041872		semapv:UnspecifiedMatching	
wnk:wk003189	grotto	skos:exactMatch	aat:300006807		semapv:UnspecifiedMatching	
wnk:wk003201	French garden	skos:closeMatch	aat:300108287		semapv:UnspecifiedMatching	
wnk:wk003204	inn	skos:exactMatch	aat:300007170		semapv:UnspecifiedMatching	
wnk:wk003210	belvedere	skos:closeMatch	aat:300070138		semapv:UnspecifiedMatching	
wnk:wk003211	fesco (painting)	skos:exactMatch	aat:300177433		semapv:UnspecifiedMatching	
wnk:wk003214	feed room	skos:closeMatch	aat:300080603		semapv:UnspecifiedMatching	
wnk:wk003216	kitchen	skos:exactMatch	aat:300004514		semapv:UnspecifiedMatching	
wnk:wk003222	grain silo	skos:narrowMatch	aat:300005024		semapv:UnspecifiedMatching	
wnk:wk003223	martyr's grave	skos:narrowMatch	aat:300262606		semapv:UnspecifiedMatching	
wnk:wk003227	gable wall	skos:exactMatch	aat:300002314		semapv:UnspecifiedMatching	
wnk:wk003233	bakery	skos:exactMatch	aat:300005291		semapv:UnspecifiedMatching	
wnk:wk003238	suspension bridge	skos:closeMatch	aat:300007868		semapv:UnspecifiedMatching	
wnk:wk003243	blast furnace	skos:closeMatch	aat:300006438		semapv:UnspecifiedMatching	
wnk:wk003248	cascade (water feature)	skos:closeMatch	aat:300006792		semapv:UnspecifiedMatching	
wnk:wk003255	mosaic (process)	skos:exactMatch	aat:300138684		semapv:UnspecifiedMatching	
wnk:wk003263	colossal order	skos:exactMatch	aat:300248161		semapv:UnspecifiedMatching	
wnk:wk003266	architectural order (classical order)	skos:exactMatch	aat:300067402		semapv:UnspecifiedMatching	
wnk:wk003268	herb garden	skos:exactMatch	aat:300008138		semapv:UnspecifiedMatching	
wnk:wk003273	cowshed	skos:closeMatch	aat:300004918		semapv:UnspecifiedMatching	
wnk:wk003277	health resort	skos:closeMatch	aat:300000553		semapv:UnspecifiedMatching	
wnk:wk003287	pleasure garden	skos:exactMatch	aat:300008115		semapv:UnspecifiedMatching	
wnk:wk003294	Aufzug (Förderanlage)	skos:exactMatch	aat:300051186		semapv:UnspecifiedMatching	
wnk:wk003295	paternoster (lift)	skos:closeMatch	aat:300051241		semapv:UnspecifiedMatching	
wnk:wk003300	portico	skos:exactMatch	aat:300004145		semapv:UnspecifiedMatching	
wnk:wk003311	satellite town	skos:closeMatch	aat:300387509		semapv:UnspecifiedMatching	
wnk:wk003313	slag heap	skos:closeMatch	aat:300000832		semapv:UnspecifiedMatching	
wnk:wk003317	measuring device (instrument)	skos:exactMatch	aat:300207870		semapv:UnspecifiedMatching	
wnk:wk003318	sundial	skos:exactMatch	aat:300041614		semapv:UnspecifiedMatching	
wnk:wk003319	timepiece	skos:closeMatch	aat:300041573		semapv:UnspecifiedMatching	
wnk:wk003339	aviary	skos:exactMatch	aat:300004973		semapv:UnspecifiedMatching	
wnk:wk003346	aerophone	skos:exactMatch	aat:300041622		semapv:UnspecifiedMatching	
wnk:wk003351	picture of a saint	skos:narrowMatch	aat:300390945		semapv:UnspecifiedMatching	
wnk:wk003359	mikveh	skos:closeMatch	aat:300391219		semapv:UnspecifiedMatching	
wnk:wk003364	ogee	skos:exactMatch	aat:300001032		semapv:UnspecifiedMatching	
wnk:wk003375	canal bridge	skos:closeMatch	aat:300006165		semapv:UnspecifiedMatching	
wnk:wk003380	gambling casino (building)	skos:exactMatch	aat:300049197		semapv:UnspecifiedMatching	
wnk:wk003385	chairlift	skos:broadMatch	aat:300051259		semapv:UnspecifiedMatching	
wnk:wk003386	Konviktgebäude	skos:relatedMatch	aat:300006568		semapv:UnspecifiedMatching	
wnk:wk003387	scaffold	skos:exactMatch	aat:300022259		semapv:UnspecifiedMatching	
wnk:wk003388	seminary	skos:exactMatch	aat:300343434		semapv:UnspecifiedMatching	
wnk:wk003399	lighthouse	skos:exactMatch	aat:300007741		semapv:UnspecifiedMatching	
wnk:wk003400	memorial (as a warning to future generations)	skos:closeMatch	aat:300006956		semapv:UnspecifiedMatching	
wnk:wk003405	Untergrundbahnstation	skos:closeMatch	aat:300007780		semapv:UnspecifiedMatching	
wnk:wk003413	demesne (estate)	skos:closeMatch	aat:300000238		semapv:UnspecifiedMatching	
wnk:wk003413	demesne (estate)	skos:closeMatch	aat:300108235		semapv:UnspecifiedMatching	
wnk:wk003415	priory	skos:exactMatch	aat:300000645		semapv:UnspecifiedMatching	
wnk:wk003421	transformer station	skos:exactMatch	aat:300006443		semapv:UnspecifiedMatching	
wnk:wk003434	square (open space)	skos:exactMatch	aat:300008304		semapv:UnspecifiedMatching	
wnk:wk003440	beam (structural elements)	skos:exactMatch	aat:300001497		semapv:UnspecifiedMatching	
wnk:wk003442	boat	skos:exactMatch	aat:300178749		semapv:UnspecifiedMatching	
wnk:wk003443	watercraft	skos:closeMatch	aat:300042940		semapv:UnspecifiedMatching	
wnk:wk003444	land vehicle	skos:exactMatch	aat:300212968		semapv:UnspecifiedMatching	
wnk:wk003448	dugout canoe	skos:closeMatch	aat:300212722		semapv:UnspecifiedMatching	
wnk:wk003450	maze	skos:exactMatch	aat:300008092		semapv:UnspecifiedMatching	
wnk:wk003452	amphitheatre	skos:closeMatch	aat:300007128		semapv:UnspecifiedMatching	
wnk:wk003454	hippodrome	skos:narrowMatch	aat:300000608		semapv:UnspecifiedMatching	
wnk:wk003454	hippodrome	skos:narrowMatch	aat:300108449		semapv:UnspecifiedMatching	
wnk:wk003455	benchmark (surveying)	skos:closeMatch	aat:300028757		semapv:UnspecifiedMatching	
wnk:wk003459	advertisement	skos:exactMatch	aat:300054347		semapv:UnspecifiedMatching	
wnk:wk003463	logo	skos:closeMatch	aat:300028715		semapv:UnspecifiedMatching	
wnk:wk003463	logo	skos:narrowMatch	aat:300224774		semapv:UnspecifiedMatching	
wnk:wk003468	brand label	skos:closeMatch	aat:300028776		semapv:UnspecifiedMatching	
wnk:wk003471	sound signaling device	skos:exactMatch	aat:300205019		semapv:UnspecifiedMatching	
wnk:wk003474	bowed string instrument	skos:exactMatch	aat:300203062		semapv:UnspecifiedMatching	
wnk:wk003476	sound device by acoustical characteristics	skos:closeMatch	aat:300041621		semapv:UnspecifiedMatching	
wnk:wk003478	membranophone	skos:exactMatch	aat:300041661		semapv:UnspecifiedMatching	
wnk:wk003483	mechanical musical instrument	skos:exactMatch	aat:300041725		semapv:UnspecifiedMatching	
wnk:wk003488	motor vehicle	skos:exactMatch	aat:300042934		semapv:UnspecifiedMatching	
wnk:wk003489	passenger car	skos:exactMatch	aat:300178739		semapv:UnspecifiedMatching	
wnk:wk003490	Lastkraftwagen	skos:broadMatch	aat:300022371		semapv:UnspecifiedMatching	
wnk:wk003491	rail vehicle	skos:exactMatch	aat:300212548		semapv:UnspecifiedMatching	
wnk:wk003492	locomotive	skos:exactMatch	aat:300113388		semapv:UnspecifiedMatching	
wnk:wk003493	steam locomotive	skos:exactMatch	aat:300228422		semapv:UnspecifiedMatching	
wnk:wk003496	motorcycle	skos:exactMatch	aat:300212789		semapv:UnspecifiedMatching	
wnk:wk003497	monorail (rail guideway vehicle)	skos:closeMatch	aat:300133752		semapv:UnspecifiedMatching	
wnk:wk003501	light bulb	skos:closeMatch	aat:300037663		semapv:UnspecifiedMatching	
wnk:wk003506	culinary equipment for preparing and cooking food	skos:closeMatch	aat:300199784		semapv:UnspecifiedMatching	
wnk:wk003508	old town	skos:exactMatch	aat:300008539		semapv:UnspecifiedMatching	
wnk:wk003533	octagonal	skos:exactMatch	aat:300263824		semapv:UnspecifiedMatching	
wnk:wk003534	polygonal	skos:exactMatch	aat:300263818		semapv:UnspecifiedMatching	
wnk:wk003537	religion and religious concept (hierarchy name)	skos:closeMatch	aat:300055980		semapv:UnspecifiedMatching	
wnk:wk003543	cistern	skos:closeMatch	aat:300052558		semapv:UnspecifiedMatching	
wnk:wk003552	sugar refinery	skos:exactMatch	aat:300006358		semapv:UnspecifiedMatching	
wnk:wk003561	machine	skos:exactMatch	aat:300167846		semapv:UnspecifiedMatching	
wnk:wk003562	form attribute	skos:closeMatch	aat:300226816		semapv:UnspecifiedMatching	
wnk:wk003580	stove (heating equipment)	skos:exactMatch	aat:300052201		semapv:UnspecifiedMatching	
wnk:wk003586	cook stove	skos:exactMatch	aat:300411465		semapv:UnspecifiedMatching	
wnk:wk003599	muffle furnace	skos:closeMatch	aat:300266182		semapv:UnspecifiedMatching	
wnk:wk003601	kiln	skos:exactMatch	aat:300022798		semapv:UnspecifiedMatching	
wnk:wk003608	machicolations	skos:exactMatch	aat:300002695		semapv:UnspecifiedMatching	
wnk:wk003621	physicochemical process	skos:exactMatch	aat:300229407		semapv:UnspecifiedMatching	
wnk:wk003632	fortification wall	skos:narrowMatch	aat:300002595		semapv:UnspecifiedMatching	
wnk:wk003637	Wartturm	skos:broadMatch	aat:300134522		semapv:UnspecifiedMatching	
wnk:wk003639	excavation site	skos:exactMatch	aat:300000810		semapv:UnspecifiedMatching	
wnk:wk003646	limes (fortification)	skos:exactMatch	aat:300006954		semapv:UnspecifiedMatching	
wnk:wk003687	cemetery	skos:exactMatch	aat:300266755		semapv:UnspecifiedMatching	
wnk:wk003696	flat grave cemetery	skos:broadMatch	aat:300266755		semapv:UnspecifiedMatching	
wnk:wk003701	grave cross	skos:exactMatch	aat:300391173		semapv:UnspecifiedMatching	
wnk:wk003703	burial chamber	skos:exactMatch	aat:300004088		semapv:UnspecifiedMatching	
wnk:wk003705	cemetery chapel	skos:relatedMatch	aat:300082254		semapv:UnspecifiedMatching	
wnk:wk003826	window sill	skos:closeMatch	aat:300003122		semapv:UnspecifiedMatching	
wnk:wk003828	component by general context	skos:exactMatch	aat:300241581		semapv:UnspecifiedMatching	
wnk:wk003850	granite	skos:closeMatch	aat:300011183		semapv:UnspecifiedMatching	
wnk:wk003854	volcanic rock	skos:exactMatch	aat:300011246		semapv:UnspecifiedMatching	
wnk:wk003855	basalt (basic igneous rock)	skos:exactMatch	aat:300011222		semapv:UnspecifiedMatching	
wnk:wk003862	obsidian	skos:closeMatch	aat:300011254		semapv:UnspecifiedMatching	
wnk:wk003863	king post	skos:exactMatch	aat:300002452		semapv:UnspecifiedMatching	
wnk:wk003881	kaoline	skos:exactMatch	aat:300010445		semapv:UnspecifiedMatching	
wnk:wk003888	marble (rock)	skos:exactMatch	aat:300011443		semapv:UnspecifiedMatching	
wnk:wk003893	schist	skos:closeMatch	aat:300011626		semapv:UnspecifiedMatching	
wnk:wk003922	hematite	skos:exactMatch	aat:300011105		semapv:UnspecifiedMatching	
wnk:wk003936	topaz	skos:exactMatch	aat:300011162		semapv:UnspecifiedMatching	
wnk:wk003939	amethyst	skos:exactMatch	aat:300011133		semapv:UnspecifiedMatching	
wnk:wk003942	garnet (mineral)	skos:exactMatch	aat:300011097		semapv:UnspecifiedMatching	
wnk:wk003946	malachite	skos:closeMatch	aat:300011123		semapv:UnspecifiedMatching	
wnk:wk003962	brass (alloy)	skos:exactMatch	aat:300010946		semapv:UnspecifiedMatching	
wnk:wk003963	electrum	skos:exactMatch	aat:300010965		semapv:UnspecifiedMatching	
wnk:wk003971	sterling silver	skos:exactMatch	aat:300010977		semapv:UnspecifiedMatching	
wnk:wk003989	turbine	skos:exactMatch	aat:300024612		semapv:UnspecifiedMatching	
wnk:wk003990	ritual	skos:closeMatch	aat:300065284		semapv:UnspecifiedMatching	
wnk:wk004000	Kirche (Institution)	skos:exactMatch	aat:300312247		semapv:UnspecifiedMatching	
wnk:wk004019	wetland	skos:closeMatch	aat:300008899		semapv:UnspecifiedMatching	
wnk:wk004030	flat (attribute)	skos:exactMatch	aat:300010345		semapv:UnspecifiedMatching	
wnk:wk004031	square	skos:exactMatch	aat:300263832		semapv:UnspecifiedMatching	
wnk:wk004032	rectangular	skos:exactMatch	aat:300263831		semapv:UnspecifiedMatching	
wnk:wk004037	Politische Organisation	skos:exactMatch	aat:300417537		semapv:UnspecifiedMatching	
wnk:wk004042	institute	skos:exactMatch	aat:300026002		semapv:UnspecifiedMatching	
wnk:wk004043	diesel locomotive	skos:narrowMatch	aat:300228418		semapv:UnspecifiedMatching	
wnk:wk004044	railroad car	skos:exactMatch	aat:300233722		semapv:UnspecifiedMatching	
wnk:wk004045	passenger car (railroad car)	skos:exactMatch	aat:300228416		semapv:UnspecifiedMatching	
wnk:wk004046	Gepäckwagen (Eisenbahnwagen)	skos:exactMatch	aat:300233712		semapv:UnspecifiedMatching	
wnk:wk004052	Bürgersteig	skos:closeMatch	aat:300003893		semapv:UnspecifiedMatching	
wnk:wk004062	shrub	skos:exactMatch	aat:300132407		semapv:UnspecifiedMatching	
wnk:wk004069	information artifact by physical form	skos:exactMatch	aat:300137960		semapv:UnspecifiedMatching	
wnk:wk004081	gearwheel	skos:exactMatch	aat:300125467		semapv:UnspecifiedMatching	
wnk:wk004088	belt pulley	skos:relatedMatch	aat:300024574		semapv:UnspecifiedMatching	
wnk:wk004096	landscaped-site element	skos:closeMatch	aat:300139095		semapv:UnspecifiedMatching	
wnk:wk004098	labyrinth (built work)	skos:closeMatch	aat:300312218		semapv:UnspecifiedMatching	
wnk:wk004104	vicus	skos:exactMatch	aat:300000754		semapv:UnspecifiedMatching	
wnk:wk004105	basilica	skos:narrowMatch	aat:300170443		semapv:UnspecifiedMatching	
wnk:wk004109	doorsill	skos:closeMatch	aat:300002800		semapv:UnspecifiedMatching	
wnk:wk004114	caldarium	skos:exactMatch	aat:300004203		semapv:UnspecifiedMatching	
wnk:wk004125	frigidarium	skos:exactMatch	aat:300004233		semapv:UnspecifiedMatching	
wnk:wk004129	heating system	skos:exactMatch	aat:300051479		semapv:UnspecifiedMatching	
wnk:wk004130	hypocaust	skos:exactMatch	aat:300004277		semapv:UnspecifiedMatching	
wnk:wk004135	floor (surface element)	skos:exactMatch	aat:300002060		semapv:UnspecifiedMatching	
wnk:wk004136	floor covering	skos:closeMatch	aat:300186091		semapv:UnspecifiedMatching	
wnk:wk004143	object genre by form	skos:closeMatch	aat:300117144		semapv:UnspecifiedMatching	
wnk:wk004145	fanum	skos:exactMatch	aat:300400628		semapv:UnspecifiedMatching	
wnk:wk004157	Built Environment (hierarchy name)	skos:closeMatch	aat:300264550		semapv:UnspecifiedMatching	
wnk:wk004181	ship (watercraft)	skos:exactMatch	aat:300082981		semapv:UnspecifiedMatching	
wnk:wk004182	vehicle component	skos:exactMatch	aat:300178758		semapv:UnspecifiedMatching	
wnk:wk004184	plane (aircraft)	skos:exactMatch	aat:300212616		semapv:UnspecifiedMatching	
wnk:wk004187	peristylium (courtyard)	skos:closeMatch	aat:300080971		semapv:UnspecifiedMatching	
wnk:wk004230	natural	skos:closeMatch	aat:300219527		semapv:UnspecifiedMatching	
wnk:wk004250	oppidum	skos:exactMatch	aat:300008396		semapv:UnspecifiedMatching	
wnk:wk004255	fresco painting (technique)	skos:exactMatch	aat:300053357		semapv:UnspecifiedMatching	
wnk:wk004260	clay	skos:exactMatch	aat:300010439		semapv:UnspecifiedMatching	
wnk:wk004262	sand	skos:exactMatch	aat:300014341		semapv:UnspecifiedMatching	
wnk:wk004263	loam	skos:closeMatch	aat:300014335		semapv:UnspecifiedMatching	
wnk:wk004286	lunette (architecture)	skos:exactMatch	aat:300003034		semapv:UnspecifiedMatching	
wnk:wk004305	aircraft	skos:closeMatch	aat:300212527		semapv:UnspecifiedMatching	
wnk:wk004307	Römisches Militärlager	skos:exactMatch	aat:300008440		semapv:UnspecifiedMatching	
wnk:wk004309	open spaces by form	skos:exactMatch	aat:300129930		semapv:UnspecifiedMatching	
wnk:wk004310	open spaces by location or context	skos:exactMatch	aat:300008337		semapv:UnspecifiedMatching	
wnk:wk004311	waterfront and waterfront space	skos:closeMatch	aat:300120789		semapv:UnspecifiedMatching	
wnk:wk004312	open space by function	skos:exactMatch	aat:300129929		semapv:UnspecifiedMatching	
wnk:wk004316	transportation space	skos:exactMatch	aat:300122438		semapv:UnspecifiedMatching	
wnk:wk004318	trench	skos:broadMatch	aat:300008022		semapv:UnspecifiedMatching	
wnk:wk004324	cloaca (sewer)	skos:exactMatch	aat:300006124		semapv:UnspecifiedMatching	
wnk:wk004344	boulder	skos:closeMatch	aat:300011671		semapv:UnspecifiedMatching	
wnk:wk004359	Transportation Vehicle (hierarchy name)	skos:closeMatch	aat:300042929		semapv:UnspecifiedMatching	
wnk:wk004360	vehicle (transportation)	skos:exactMatch	aat:300219258		semapv:UnspecifiedMatching	
wnk:wk004365	conveying system	skos:closeMatch	aat:300051150		semapv:UnspecifiedMatching	
wnk:wk004377	rock carving	skos:closeMatch	aat:300312034		semapv:UnspecifiedMatching	
wnk:wk004387	tool and equipment component	skos:exactMatch	aat:300024871		semapv:UnspecifiedMatching	
wnk:wk004414	transmission (machine element)	skos:relatedMatch	aat:300125467		semapv:UnspecifiedMatching	
wnk:wk004424	clubhouse	skos:exactMatch	aat:300134512		semapv:UnspecifiedMatching	
wnk:wk004428	sanctuary	skos:closeMatch	aat:300400518		semapv:UnspecifiedMatching	
wnk:wk004428	sanctuary	skos:narrowMatch	aat:300004575		semapv:UnspecifiedMatching	
wnk:wk004471	Information Form (hierarchy name)	skos:closeMatch	aat:300220751		semapv:UnspecifiedMatching	
wnk:wk004476	canteen (eating and recreation space)	skos:exactMatch	aat:300312219		semapv:UnspecifiedMatching	
wnk:wk004477	guesthouse	skos:closeMatch	aat:300005626		semapv:UnspecifiedMatching	
wnk:wk004482	boardinghouse	skos:exactMatch	aat:300312234		semapv:UnspecifiedMatching	
wnk:wk004491	iron ore	skos:exactMatch	aat:300379991		semapv:UnspecifiedMatching	
wnk:wk004495	Furnishing (hierarchy name)	skos:closeMatch	aat:300037335		semapv:UnspecifiedMatching	
wnk:wk004498	container by function or context	skos:exactMatch	aat:300197200		semapv:UnspecifiedMatching	
wnk:wk004501	lock (securing device)	skos:exactMatch	aat:300033407		semapv:UnspecifiedMatching	
wnk:wk004506	architectural model	skos:exactMatch	aat:300379809		semapv:UnspecifiedMatching	
wnk:wk004509	model (representation)	skos:closeMatch	aat:300047753		semapv:UnspecifiedMatching	
wnk:wk004511	construction drawing	skos:closeMatch	aat:300034540		semapv:UnspecifiedMatching	
wnk:wk004517	ground plan	skos:closeMatch	aat:300072974		semapv:UnspecifiedMatching	
wnk:wk004520	map (document)	skos:exactMatch	aat:300028094		semapv:UnspecifiedMatching	
wnk:wk004521	longitudinal section	skos:exactMatch	aat:300034249		semapv:UnspecifiedMatching	
wnk:wk004522	perspective views (images)	skos:closeMatch	aat:300034294		semapv:UnspecifiedMatching	
wnk:wk004523	plan	skos:narrowMatch	aat:300034104		semapv:UnspecifiedMatching	
wnk:wk004524	planning	skos:exactMatch	aat:300054425		semapv:UnspecifiedMatching	
wnk:wk004530	front view	skos:closeMatch	aat:300264744		semapv:UnspecifiedMatching	
wnk:wk004531	anchor plate	skos:exactMatch	aat:300051926		semapv:UnspecifiedMatching	
wnk:wk004541	anchor (fastener)	skos:closeMatch	aat:300048659		semapv:UnspecifiedMatching	
wnk:wk004542	electric locomotive	skos:exactMatch	aat:300228506		semapv:UnspecifiedMatching	
wnk:wk004555	emergency vehicle	skos:exactMatch	aat:300212729		semapv:UnspecifiedMatching	
wnk:wk004564	forklift truck	skos:exactMatch	aat:300022374		semapv:UnspecifiedMatching	
wnk:wk004569	declaratory and advertising artifact	skos:exactMatch	aat:300220524		semapv:UnspecifiedMatching	
wnk:wk004575	terminal care facility	skos:closeMatch	aat:300006725		semapv:UnspecifiedMatching	
wnk:wk004577	Container (hierarchy name)	skos:exactMatch	aat:300045611		semapv:UnspecifiedMatching	
wnk:wk004578	Weapon and Ammunition (hierarchy name)	skos:closeMatch	aat:300036743		semapv:UnspecifiedMatching	
wnk:wk004581	Measuring Device (hierarchy name)	skos:closeMatch	aat:300207851		semapv:UnspecifiedMatching	
wnk:wk004582	lighting device	skos:exactMatch	aat:300037581		semapv:UnspecifiedMatching	
wnk:wk004585	ammunition	skos:narrowMatch	aat:300036928		semapv:UnspecifiedMatching	
wnk:wk004587	artifact (remains)	skos:exactMatch	aat:300117127		semapv:UnspecifiedMatching	
wnk:wk004588	amphora (storage vessel)	skos:exactMatch	aat:300148696		semapv:UnspecifiedMatching	
wnk:wk004589	tool	skos:exactMatch	aat:300024841		semapv:UnspecifiedMatching	
wnk:wk004591	aquamanile	skos:exactMatch	aat:300045667		semapv:UnspecifiedMatching	
wnk:wk004592	ceremonial container	skos:closeMatch	aat:300197576		semapv:UnspecifiedMatching	
wnk:wk004594	culinary container	skos:closeMatch	aat:300197577		semapv:UnspecifiedMatching	
wnk:wk004597	container for personal use	skos:exactMatch	aat:300198399		semapv:UnspecifiedMatching	
wnk:wk004598	container for serving and consuming food	skos:closeMatch	aat:300198760		semapv:UnspecifiedMatching	
wnk:wk004602	Discipline (hierarchy name)	skos:exactMatch	aat:300054134		semapv:UnspecifiedMatching	
wnk:wk004603	industry (organization)	skos:closeMatch	aat:300025995		semapv:UnspecifiedMatching	
wnk:wk004604	Landwirtschaft	skos:closeMatch	aat:300054463		semapv:UnspecifiedMatching	
wnk:wk004610	bottle	skos:exactMatch	aat:300045627		semapv:UnspecifiedMatching	
wnk:wk004611	cooking vessel	skos:closeMatch	aat:300201279		semapv:UnspecifiedMatching	
wnk:wk004612	baking pan	skos:narrowMatch	aat:300226882		semapv:UnspecifiedMatching	
wnk:wk004612	baking pan	skos:narrowMatch	aat:300226883		semapv:UnspecifiedMatching	
wnk:wk004614	flacon	skos:exactMatch	aat:300197635		semapv:UnspecifiedMatching	
wnk:wk004615	unguentaria	skos:closeMatch	aat:300264947		semapv:UnspecifiedMatching	
wnk:wk004617	decorative box	skos:closeMatch	aat:300045657		semapv:UnspecifiedMatching	
wnk:wk004618	bucket (vessel)	skos:closeMatch	aat:300045651		semapv:UnspecifiedMatching	
wnk:wk004619	barrel (container)	skos:closeMatch	aat:300194514		semapv:UnspecifiedMatching	
wnk:wk004620	Daubenschale	skos:relatedMatch	aat:300312161		semapv:UnspecifiedMatching	
wnk:wk004621	sheath (case)	skos:closeMatch	aat:300198733		semapv:UnspecifiedMatching	
wnk:wk004623	etui	skos:exactMatch	aat:300221557		semapv:UnspecifiedMatching	
wnk:wk004627	equipment by process	skos:closeMatch	aat:300024659		semapv:UnspecifiedMatching	
wnk:wk004628	agricultural equipment	skos:closeMatch	aat:300233315		semapv:UnspecifiedMatching	
wnk:wk004629	harrow	skos:exactMatch	aat:300024327		semapv:UnspecifiedMatching	
wnk:wk004632	abacus (calculator)	skos:closeMatch	aat:300263522		semapv:UnspecifiedMatching	
wnk:wk004633	equipment for drafting, drawing, and writing	skos:exactMatch	aat:300168214		semapv:UnspecifiedMatching	
wnk:wk004635	pen holder	skos:exactMatch	aat:300411361		semapv:UnspecifiedMatching	
wnk:wk004641	complexes by function (hierarchy name)	skos:exactMatch	aat:300000203		semapv:UnspecifiedMatching	
wnk:wk004643	horticulture	skos:exactMatch	aat:300054512		semapv:UnspecifiedMatching	
wnk:wk004648	edged weapon	skos:closeMatch	aat:300036973		semapv:UnspecifiedMatching	
wnk:wk004652	throwing weapon	skos:closeMatch	aat:300222721		semapv:UnspecifiedMatching	
wnk:wk004657	cover (closure)	skos:closeMatch	aat:300197210		semapv:UnspecifiedMatching	
wnk:wk004658	drawbar (land vehicle component)	skos:closeMatch	aat:300391133		semapv:UnspecifiedMatching	
wnk:wk004662	Costume (hierarchy name)	skos:closeMatch	aat:300209261		semapv:UnspecifiedMatching	
wnk:wk004671	window box	skos:exactMatch	aat:300065047		semapv:UnspecifiedMatching	
wnk:wk004676	herm	skos:closeMatch	aat:300047170		semapv:UnspecifiedMatching	
wnk:wk004677	festoon (motif)	skos:closeMatch	aat:300167386		semapv:UnspecifiedMatching	
wnk:wk004678	inside	skos:exactMatch	aat:300010279		semapv:UnspecifiedMatching	
wnk:wk004682	caryatid	skos:exactMatch	aat:300001583		semapv:UnspecifiedMatching	
wnk:wk004683	cartouches (ornament)	skos:exactMatch	aat:300010256		semapv:UnspecifiedMatching	
wnk:wk004684	coffers (ceiling components)	skos:exactMatch	aat:300002041		semapv:UnspecifiedMatching	
wnk:wk004686	Fußbodenmosaik	skos:broadMatch	aat:300015342		semapv:UnspecifiedMatching	
wnk:wk004690	tondo (painting)	skos:exactMatch	aat:300033622		semapv:UnspecifiedMatching	
wnk:wk004694	shaft (column components)	skos:exactMatch	aat:300001754		semapv:UnspecifiedMatching	
wnk:wk004697	Bauzier	skos:closeMatch	aat:300378995		semapv:UnspecifiedMatching	
wnk:wk004698	outside	skos:exactMatch	aat:300010277		semapv:UnspecifiedMatching	
wnk:wk004700	architectural  ornament	skos:exactMatch	aat:300378995		semapv:UnspecifiedMatching	
wnk:wk004707	yoke (animal equipment)	skos:closeMatch	aat:300255560		semapv:UnspecifiedMatching	
wnk:wk004713	parquet	skos:relatedMatch	aat:300053858		semapv:UnspecifiedMatching	
wnk:wk004714	terrazzo	skos:exactMatch	aat:300011696		semapv:UnspecifiedMatching	
wnk:wk004716	tie beam	skos:closeMatch	aat:300002419		semapv:UnspecifiedMatching	
wnk:wk004719	pantile	skos:exactMatch	aat:300010713		semapv:UnspecifiedMatching	
wnk:wk004720	eaves gutter	skos:exactMatch	aat:300105539		semapv:UnspecifiedMatching	
wnk:wk004721	collar beam	skos:exactMatch	aat:300078937		semapv:UnspecifiedMatching	
wnk:wk004723	eave	skos:exactMatch	aat:300002268		semapv:UnspecifiedMatching	
wnk:wk004724	weathercock	skos:exactMatch	aat:300192069		semapv:UnspecifiedMatching	
wnk:wk004727	Fledermausgaube	skos:exactMatch	aat:300002244		semapv:UnspecifiedMatching	
wnk:wk004728	Giebelgaupe	skos:exactMatch	aat:300002247		semapv:UnspecifiedMatching	
wnk:wk004729	shed dormer	skos:exactMatch	aat:300002252		semapv:UnspecifiedMatching	
wnk:wk004731	flat roof	skos:exactMatch	aat:300002117		semapv:UnspecifiedMatching	
wnk:wk004732	glass roof	skos:broadMatch	aat:300002098		semapv:UnspecifiedMatching	
wnk:wk004736	roof garden	skos:exactMatch	aat:300008131		semapv:UnspecifiedMatching	
wnk:wk004739	compass roof	skos:closeMatch	aat:300002194		semapv:UnspecifiedMatching	
wnk:wk004741	beam ceiling	skos:exactMatch	aat:300002035		semapv:UnspecifiedMatching	
wnk:wk004745	Bewehrungsmatte	skos:exactMatch	aat:300191173		semapv:UnspecifiedMatching	
wnk:wk004746	batten (wood product)	skos:exactMatch	aat:300014613		semapv:UnspecifiedMatching	
wnk:wk004747	Schalbrett	skos:exactMatch	aat:300012787		semapv:UnspecifiedMatching	
wnk:wk004753	entrance area	skos:closeMatch	aat:300004259		semapv:UnspecifiedMatching	
wnk:wk004755	vestibule	skos:exactMatch	aat:300083076		semapv:UnspecifiedMatching	
wnk:wk004759	ceiling joists	skos:exactMatch	aat:300001547		semapv:UnspecifiedMatching	
wnk:wk004760	rigid frame	skos:exactMatch	aat:300001488		semapv:UnspecifiedMatching	
wnk:wk004761	Schelle (Technik)	skos:exactMatch	aat:300024736		semapv:UnspecifiedMatching	
wnk:wk004765	lead glazing	skos:relatedMatch	aat:300121827		semapv:UnspecifiedMatching	
wnk:wk004766	blind window	skos:closeMatch	aat:300002976		semapv:UnspecifiedMatching	
wnk:wk004772	Fensterflügel	skos:exactMatch	aat:300003109		semapv:UnspecifiedMatching	
wnk:wk004774	Fensterladen	skos:closeMatch	aat:300003173		semapv:UnspecifiedMatching	
wnk:wk004775	window frame	skos:closeMatch	aat:300003118		semapv:UnspecifiedMatching	
wnk:wk004783	dutch gable	skos:closeMatch	aat:300065023		semapv:UnspecifiedMatching	
wnk:wk004784	grate	skos:exactMatch	aat:300003988		semapv:UnspecifiedMatching	
wnk:wk004785	window grate	skos:exactMatch	aat:300045475		semapv:UnspecifiedMatching	
wnk:wk004789	hydrant	skos:closeMatch	aat:300112086		semapv:UnspecifiedMatching	
wnk:wk004795	candle	skos:closeMatch	aat:300037654		semapv:UnspecifiedMatching	
wnk:wk004796	chandelier (hanging light)	skos:exactMatch	aat:300037622		semapv:UnspecifiedMatching	
wnk:wk004798	lantern (lighting device)	skos:exactMatch	aat:300037647		semapv:UnspecifiedMatching	
wnk:wk004799	gas street lamp	skos:broadMatch	aat:300037639		semapv:UnspecifiedMatching	
wnk:wk004800	Hauslaterne	skos:closeMatch	aat:300037647		semapv:UnspecifiedMatching	
wnk:wk004804	Petroleumlampe	skos:exactMatch	aat:300037638		semapv:UnspecifiedMatching	
wnk:wk004805	wall lamp	skos:exactMatch	aat:300037646		semapv:UnspecifiedMatching	
wnk:wk004808	Flansch	skos:exactMatch	aat:300233998		semapv:UnspecifiedMatching	
wnk:wk004811	pipe (conduit)	skos:closeMatch	aat:300014662		semapv:UnspecifiedMatching	
wnk:wk004812	roller shutter	skos:closeMatch	aat:300389702		semapv:UnspecifiedMatching	
wnk:wk004814	newel stair	skos:exactMatch	aat:300003273		semapv:UnspecifiedMatching	
wnk:wk004816	riser (step component)	skos:exactMatch	aat:300003325		semapv:UnspecifiedMatching	
wnk:wk004818	curved	skos:exactMatch	aat:300010305		semapv:UnspecifiedMatching	
wnk:wk004820	tread	skos:exactMatch	aat:300003326		semapv:UnspecifiedMatching	
wnk:wk004825	panel door	skos:exactMatch	aat:300002880		semapv:UnspecifiedMatching	
wnk:wk004826	Ganzblatttür	skos:broadMatch	aat:300002803		semapv:UnspecifiedMatching	
wnk:wk004840	wallpaper	skos:exactMatch	aat:300037366		semapv:UnspecifiedMatching	
wnk:wk004841	hoarding	skos:exactMatch	aat:300005054		semapv:UnspecifiedMatching	
wnk:wk004843	chain-link fence	skos:exactMatch	aat:300002002		semapv:UnspecifiedMatching	
wnk:wk004850	dreigeschossig	skos:exactMatch	aat:300163795		semapv:UnspecifiedMatching	
wnk:wk004853	mass wall construction	skos:narrowMatch	aat:300164026		semapv:UnspecifiedMatching	
wnk:wk004856	heritage preservation	skos:exactMatch	aat:300054166		semapv:UnspecifiedMatching	
wnk:wk004857	planetarium (building)	skos:exactMatch	aat:300132937		semapv:UnspecifiedMatching	
wnk:wk004858	bench (furniture)	skos:closeMatch	aat:300038494		semapv:UnspecifiedMatching	
wnk:wk004866	Terrasse (Bauwerk)	skos:closeMatch	aat:300004182		semapv:UnspecifiedMatching	
wnk:wk004868	water feature (landscaping)	skos:exactMatch	aat:300180674		semapv:UnspecifiedMatching	
wnk:wk004883	entrance hall	skos:exactMatch	aat:300004263		semapv:UnspecifiedMatching	
wnk:wk004884	reception room	skos:closeMatch	aat:300077176		semapv:UnspecifiedMatching	
wnk:wk004886	banquet hall	skos:exactMatch	aat:300004333		semapv:UnspecifiedMatching	
wnk:wk004890	royal stables	skos:closeMatch	aat:300008265		semapv:UnspecifiedMatching	
wnk:wk004891	mezzanine	skos:exactMatch	aat:300002674		semapv:UnspecifiedMatching	
wnk:wk004897	hunting trophy	skos:exactMatch	aat:300263217		semapv:UnspecifiedMatching	
wnk:wk004900	oil painting (visual work)	skos:exactMatch	aat:300033799		semapv:UnspecifiedMatching	
wnk:wk004901	mural painting (visual work)	skos:exactMatch	aat:300033644		semapv:UnspecifiedMatching	
wnk:wk004902	tapestry	skos:broadMatch	aat:300205002		semapv:UnspecifiedMatching	
wnk:wk004905	archway	skos:exactMatch	aat:300002771		semapv:UnspecifiedMatching	
wnk:wk004918	summer residence	skos:closeMatch	aat:300005534		semapv:UnspecifiedMatching	
wnk:wk004922	open-plan office	skos:broadMatch	aat:300004521		semapv:UnspecifiedMatching	
wnk:wk004923	photocopying machine	skos:exactMatch	aat:300265598		semapv:UnspecifiedMatching	
wnk:wk004928	steel mill	skos:exactMatch	aat:300006311		semapv:UnspecifiedMatching	
wnk:wk004929	Atelier (Werkstatt)	skos:closeMatch	aat:300007725		semapv:UnspecifiedMatching	
wnk:wk004931	bungalow	skos:exactMatch	aat:300005495		semapv:UnspecifiedMatching	
wnk:wk004936	condominium (built work)	skos:closeMatch	aat:300005610		semapv:UnspecifiedMatching	
wnk:wk004937	hay	skos:exactMatch	aat:300266414		semapv:UnspecifiedMatching	
wnk:wk004960	desk	skos:closeMatch	aat:300039338		semapv:UnspecifiedMatching	
wnk:wk004961	bathroom	skos:closeMatch	aat:300004197		semapv:UnspecifiedMatching	
wnk:wk004963	dining room	skos:exactMatch	aat:300004349		semapv:UnspecifiedMatching	
wnk:wk004964	corridor	skos:exactMatch	aat:300004294		semapv:UnspecifiedMatching	
wnk:wk004966	kitchen utensil	skos:narrowMatch	aat:300200392		semapv:UnspecifiedMatching	
wnk:wk004968	refrigerator	skos:exactMatch	aat:300215748		semapv:UnspecifiedMatching	
wnk:wk004969	grater	skos:exactMatch	aat:300201090		semapv:UnspecifiedMatching	
wnk:wk004970	soup spoon	skos:exactMatch	aat:300043175		semapv:UnspecifiedMatching	
wnk:wk004971	soup tureens	skos:exactMatch	aat:300216964		semapv:UnspecifiedMatching	
wnk:wk004972	pot (vessel for food)	skos:broadMatch	aat:300045697		semapv:UnspecifiedMatching	
wnk:wk004972	pot (vessel for food)	skos:narrowMatch	aat:300195273		semapv:UnspecifiedMatching	
wnk:wk004973	teakettle	skos:closeMatch	aat:300195275		semapv:UnspecifiedMatching	
wnk:wk004974	bedroom	skos:exactMatch	aat:300004364		semapv:UnspecifiedMatching	
wnk:wk004975	living room	skos:exactMatch	aat:300004435		semapv:UnspecifiedMatching	
wnk:wk004977	deanery (house)	skos:broadMatch	aat:300005644		semapv:UnspecifiedMatching	
wnk:wk004980	general view	skos:exactMatch	aat:300015518		semapv:UnspecifiedMatching	
wnk:wk004981	ciborium (structure)	skos:exactMatch	aat:300076084		semapv:UnspecifiedMatching	
wnk:wk004989	diptych	skos:exactMatch	aat:300178228		semapv:UnspecifiedMatching	
wnk:wk004991	baldachin (canopy)	skos:closeMatch	aat:300003762		semapv:UnspecifiedMatching	
wnk:wk005000	chasuble (liturgical vestment)	skos:exactMatch	aat:300210424		semapv:UnspecifiedMatching	
wnk:wk005001	maniple (liturgical costume)	skos:exactMatch	aat:300210439		semapv:UnspecifiedMatching	
wnk:wk005003	jug	skos:closeMatch	aat:300045685		semapv:UnspecifiedMatching	
wnk:wk005004	chalice (liturgical vessel)	skos:closeMatch	aat:300194762		semapv:UnspecifiedMatching	
wnk:wk005004	chalice (liturgical vessel)	skos:narrowMatch	aat:300197310		semapv:UnspecifiedMatching	
wnk:wk005011	monstrance	skos:exactMatch	aat:300083005		semapv:UnspecifiedMatching	
wnk:wk005017	reliquary	skos:exactMatch	aat:300187549		semapv:UnspecifiedMatching	
wnk:wk005021	relic	skos:exactMatch	aat:300250795		semapv:UnspecifiedMatching	
wnk:wk005027	censer	skos:exactMatch	aat:300198814		semapv:UnspecifiedMatching	
wnk:wk005031	putto (motif)	skos:exactMatch	aat:300250465		semapv:UnspecifiedMatching	
wnk:wk005032	altar cross	skos:exactMatch	aat:300262580		semapv:UnspecifiedMatching	
wnk:wk005037	processional cross	skos:exactMatch	aat:300263685		semapv:UnspecifiedMatching	
wnk:wk005039	organ case	skos:exactMatch	aat:300252572		semapv:UnspecifiedMatching	
wnk:wk005040	organ pipe (components)	skos:exactMatch	aat:300041705		semapv:UnspecifiedMatching	
wnk:wk005043	keyboard (sound device component)	skos:exactMatch	aat:300197573		semapv:UnspecifiedMatching	
wnk:wk005050	triptych	skos:closeMatch	aat:300178234		semapv:UnspecifiedMatching	
wnk:wk005052	holy water font	skos:exactMatch	aat:300111961		semapv:UnspecifiedMatching	
wnk:wk005060	parlatory	skos:exactMatch	aat:300007432		semapv:UnspecifiedMatching	
wnk:wk005061	main portal	skos:broadMatch	aat:300076641		semapv:UnspecifiedMatching	
wnk:wk005069	detached	skos:exactMatch	aat:300131111		semapv:UnspecifiedMatching	
wnk:wk005072	Mennonite	skos:exactMatch	aat:300153845		semapv:UnspecifiedMatching	
wnk:wk005081	Omnibusbahnhof	skos:exactMatch	aat:300131495		semapv:UnspecifiedMatching	
wnk:wk005089	impost	skos:exactMatch	aat:300001158		semapv:UnspecifiedMatching	
wnk:wk005107	Zugband	skos:closeMatch	aat:300079218		semapv:UnspecifiedMatching	
wnk:wk005114	arch bridge	skos:exactMatch	aat:300007838		semapv:UnspecifiedMatching	
wnk:wk005115	cable-stayed bridge	skos:exactMatch	aat:300007842		semapv:UnspecifiedMatching	
wnk:wk005124	Schachtbrunnen	skos:closeMatch	aat:300152334		semapv:UnspecifiedMatching	
wnk:wk005133	product	skos:exactMatch	aat:300387427		semapv:UnspecifiedMatching	
wnk:wk005134	industrial park	skos:closeMatch	aat:300000411		semapv:UnspecifiedMatching	
wnk:wk005136	industrial estate	skos:closeMatch	aat:300000411		semapv:UnspecifiedMatching	
wnk:wk005145	fairground	skos:closeMatch	aat:300008171		semapv:UnspecifiedMatching	
wnk:wk005147	Vorplatz	skos:exactMatch	aat:300004104		semapv:UnspecifiedMatching	
wnk:wk005164	allegory (literary genre)	skos:closeMatch	aat:300202507		semapv:UnspecifiedMatching	
wnk:wk005165	altarpiece	skos:exactMatch	aat:300075940		semapv:UnspecifiedMatching	
wnk:wk005167	genre (visual work)	skos:exactMatch	aat:300139140		semapv:UnspecifiedMatching	
wnk:wk005168	Historienbild	skos:exactMatch	aat:300033898		semapv:UnspecifiedMatching	
wnk:wk005169	landscape painting	skos:broadMatch	aat:300015636		semapv:UnspecifiedMatching	
wnk:wk005170	still life	skos:exactMatch	aat:300015638		semapv:UnspecifiedMatching	
wnk:wk005173	bust (figure)	skos:exactMatch	aat:300047457		semapv:UnspecifiedMatching	
wnk:wk005174	figure (representation)	skos:exactMatch	aat:300189808		semapv:UnspecifiedMatching	
wnk:wk005176	pedestal	skos:exactMatch	aat:300001744		semapv:UnspecifiedMatching	
wnk:wk005177	vase (vessel for decoration)	skos:broadMatch	aat:300132254		semapv:UnspecifiedMatching	
wnk:wk005178	collage (visual work)	skos:exactMatch	aat:300033963		semapv:UnspecifiedMatching	
wnk:wk005179	design	skos:narrowMatch	aat:300054171		semapv:UnspecifiedMatching	
wnk:wk005179	design	skos:narrowMatch	aat:300102051		semapv:UnspecifiedMatching	
wnk:wk005185	caricature	skos:exactMatch	aat:300015634		semapv:UnspecifiedMatching	
wnk:wk005186	copper engraving (visual work)	skos:exactMatch	aat:300041341		semapv:UnspecifiedMatching	
wnk:wk005187	lithography	skos:exactMatch	aat:300053271		semapv:UnspecifiedMatching	
wnk:wk005188	etching (printing process)	skos:exactMatch	aat:300053241		semapv:UnspecifiedMatching	
wnk:wk005189	screen printing	skos:exactMatch	aat:300053281		semapv:UnspecifiedMatching	
wnk:wk005190	steel engraving (printing process)	skos:exactMatch	aat:300190536		semapv:UnspecifiedMatching	
wnk:wk005193	drawing (visual work)	skos:closeMatch	aat:300033973		semapv:UnspecifiedMatching	
wnk:wk005198	ivory	skos:closeMatch	aat:300011857		semapv:UnspecifiedMatching	
wnk:wk005199	cut-paper work	skos:exactMatch	aat:300068579		semapv:UnspecifiedMatching	
wnk:wk005200	carving (visual work)	skos:exactMatch	aat:300047203		semapv:UnspecifiedMatching	
wnk:wk005202	aquarelle (technique)	skos:exactMatch	aat:300053363		semapv:UnspecifiedMatching	
wnk:wk005203	Aquarell (Gemälde)	skos:exactMatch	aat:300078925		semapv:UnspecifiedMatching	
wnk:wk005204	reverse painting on glass (image-making)	skos:exactMatch	aat:300053366		semapv:UnspecifiedMatching	
wnk:wk005208	oil painting (technique)	skos:exactMatch	aat:300178684		semapv:UnspecifiedMatching	
wnk:wk005209	panel painting (image-making)	skos:exactMatch	aat:300178675		semapv:UnspecifiedMatching	
wnk:wk005212	sculpture garden	skos:exactMatch	aat:300008116		semapv:UnspecifiedMatching	
wnk:wk005214	wedge (tool)	skos:closeMatch	aat:300024101		semapv:UnspecifiedMatching	
wnk:wk005220	stelae	skos:exactMatch	aat:300007023		semapv:UnspecifiedMatching	
wnk:wk005226	book	skos:closeMatch	aat:300028051		semapv:UnspecifiedMatching	
wnk:wk005232	illumination (visual work)	skos:exactMatch	aat:300264522		semapv:UnspecifiedMatching	
wnk:wk005233	bookplate	skos:exactMatch	aat:300028731		semapv:UnspecifiedMatching	
wnk:wk005234	cartoons (humorous images)	skos:exactMatch	aat:300123430		semapv:UnspecifiedMatching	
wnk:wk005235	comic	skos:exactMatch	aat:300015635		semapv:UnspecifiedMatching	
wnk:wk005237	fairytale	skos:exactMatch	aat:300185684		semapv:UnspecifiedMatching	
wnk:wk005242	graffiti	skos:exactMatch	aat:300015613		semapv:UnspecifiedMatching	
wnk:wk005244	dada	skos:exactMatch	aat:300021500		semapv:UnspecifiedMatching	
wnk:wk005246	futurism	skos:exactMatch	aat:300021374		semapv:UnspecifiedMatching	
wnk:wk005249	constructivism (art)	skos:closeMatch	aat:300021393		semapv:UnspecifiedMatching	
wnk:wk005250	Pop art	skos:exactMatch	aat:300022205		semapv:UnspecifiedMatching	
wnk:wk005251	Kinetic (style)	skos:exactMatch	aat:300069473		semapv:UnspecifiedMatching	
wnk:wk005252	Cubism	skos:exactMatch	aat:300021495		semapv:UnspecifiedMatching	
wnk:wk005254	Neo-Expressionist	skos:narrowMatch	aat:300022189		semapv:UnspecifiedMatching	
wnk:wk005255	New Realist (post-1945 style)	skos:exactMatch	aat:300112105		semapv:UnspecifiedMatching	
wnk:wk005257	postmodernism	skos:closeMatch	aat:300022208		semapv:UnspecifiedMatching	
wnk:wk005259	surrealism	skos:closeMatch	aat:300021512		semapv:UnspecifiedMatching	
wnk:wk005262	museum shop	skos:exactMatch	aat:300260523		semapv:UnspecifiedMatching	
wnk:wk005270	film museum	skos:exactMatch	aat:300312305		semapv:UnspecifiedMatching	
wnk:wk005278	children's museum	skos:exactMatch	aat:300312322		semapv:UnspecifiedMatching	
wnk:wk005281	military museum (institution)	skos:exactMatch	aat:300312314		semapv:UnspecifiedMatching	
wnk:wk005285	maritime museum (for seafaring)	skos:broadMatch	aat:300312313		semapv:UnspecifiedMatching	
wnk:wk005296	choir (group of people)	skos:exactMatch	aat:300389787		semapv:UnspecifiedMatching	
wnk:wk005311	rotunda (building)	skos:exactMatch	aat:300004842		semapv:UnspecifiedMatching	
wnk:wk005313	accordion	skos:closeMatch	aat:300042819		semapv:UnspecifiedMatching	
wnk:wk005316	harpsichord	skos:exactMatch	aat:300041678		semapv:UnspecifiedMatching	
wnk:wk005318	flute (aerophone)	skos:exactMatch	aat:300042513		semapv:UnspecifiedMatching	
wnk:wk005321	violin	skos:exactMatch	aat:300042215		semapv:UnspecifiedMatching	
wnk:wk005322	guitar	skos:exactMatch	aat:300042025		semapv:UnspecifiedMatching	
wnk:wk005326	piano	skos:exactMatch	aat:300042909		semapv:UnspecifiedMatching	
wnk:wk005329	marimba	skos:exactMatch	aat:300041991		semapv:UnspecifiedMatching	
wnk:wk005331	trombone (trumpet)	skos:exactMatch	aat:300042335		semapv:UnspecifiedMatching	
wnk:wk005332	transverse flute	skos:exactMatch	aat:300201259		semapv:UnspecifiedMatching	
wnk:wk005335	drum (membranophones)	skos:exactMatch	aat:300041729		semapv:UnspecifiedMatching	
wnk:wk005336	trumpet (aerophone)	skos:exactMatch	aat:300042339		semapv:UnspecifiedMatching	
wnk:wk005337	tuba	skos:exactMatch	aat:300042366		semapv:UnspecifiedMatching	
wnk:wk005338	vibraphone	skos:exactMatch	aat:300041914		semapv:UnspecifiedMatching	
wnk:wk005339	viola	skos:exactMatch	aat:300042225		semapv:UnspecifiedMatching	
wnk:wk005342	virginal	skos:exactMatch	aat:300041684		semapv:UnspecifiedMatching	
wnk:wk005343	zither	skos:exactMatch	aat:300042138		semapv:UnspecifiedMatching	
wnk:wk005345	score	skos:exactMatch	aat:300026427		semapv:UnspecifiedMatching	
wnk:wk005356	Turkish crescent	skos:exactMatch	aat:300042641		semapv:UnspecifiedMatching	
wnk:wk005365	music	skos:exactMatch	aat:300054146		semapv:UnspecifiedMatching	
wnk:wk005374	stage (performance space)	skos:exactMatch	aat:300004751		semapv:UnspecifiedMatching	
wnk:wk005375	set (architectural element)	skos:exactMatch	aat:300188014		semapv:UnspecifiedMatching	
wnk:wk005391	wig	skos:exactMatch	aat:300046049		semapv:UnspecifiedMatching	
wnk:wk005400	big top	skos:exactMatch	aat:300375138		semapv:UnspecifiedMatching	
wnk:wk005401	flower (plant material)	skos:exactMatch	aat:300264247		semapv:UnspecifiedMatching	
wnk:wk005402	gardening	skos:exactMatch	aat:300054706		semapv:UnspecifiedMatching	
wnk:wk005403	Gartengerät	skos:exactMatch	aat:300024283		semapv:UnspecifiedMatching	
wnk:wk005407	linen	skos:closeMatch	aat:300257519		semapv:UnspecifiedMatching	
wnk:wk005408	washing	skos:closeMatch	aat:300053042		semapv:UnspecifiedMatching	
wnk:wk005409	flatware	skos:closeMatch	aat:300199800		semapv:UnspecifiedMatching	
wnk:wk005410	Gabel (Besteck)	skos:closeMatch	aat:300043099		semapv:UnspecifiedMatching	
wnk:wk005411	Löffel (Küchengerät)	skos:exactMatch	aat:300043149		semapv:UnspecifiedMatching	
wnk:wk005412	knife (cutting tool)	skos:exactMatch	aat:300024668		semapv:UnspecifiedMatching	
wnk:wk005413	iron (tool)	skos:exactMatch	aat:300024833		semapv:UnspecifiedMatching	
wnk:wk005414	coffee machine	skos:closeMatch	aat:300215520		semapv:UnspecifiedMatching	
wnk:wk005415	Waschmaschine (Haushaltsgerät)	skos:exactMatch	aat:300163297		semapv:UnspecifiedMatching	
wnk:wk005416	dishes (vessels for food)	skos:closeMatch	aat:300042973		semapv:UnspecifiedMatching	
wnk:wk005418	place setting	skos:exactMatch	aat:300227297		semapv:UnspecifiedMatching	
wnk:wk005419	coffeepot	skos:exactMatch	aat:300072215		semapv:UnspecifiedMatching	
wnk:wk005420	cup (drinking vessel)	skos:broadMatch	aat:300043202		semapv:UnspecifiedMatching	
wnk:wk005421	plate (dish)	skos:exactMatch	aat:300042991		semapv:UnspecifiedMatching	
wnk:wk005422	scissor	skos:exactMatch	aat:300023459		semapv:UnspecifiedMatching	
wnk:wk005423	drinking glass	skos:exactMatch	aat:300043230		semapv:UnspecifiedMatching	
wnk:wk005424	Bettwäsche	skos:closeMatch	aat:300204952		semapv:UnspecifiedMatching	
wnk:wk005426	tablecloth	skos:exactMatch	aat:300204969		semapv:UnspecifiedMatching	
wnk:wk005428	umbrella (rainshade)	skos:broadMatch	aat:300046227		semapv:UnspecifiedMatching	
wnk:wk005429	stole (outerwear)	skos:closeMatch	aat:300138741		semapv:UnspecifiedMatching	
wnk:wk005431	womenswear	skos:closeMatch	aat:300379344		semapv:UnspecifiedMatching	
wnk:wk005432	evening dress (garment)	skos:broadMatch	aat:300243843		semapv:UnspecifiedMatching	
wnk:wk005439	menswear	skos:exactMatch	aat:300379341		semapv:UnspecifiedMatching	
wnk:wk005453	stocking	skos:exactMatch	aat:300046088		semapv:UnspecifiedMatching	
wnk:wk005454	bag (generic containers)	skos:narrowMatch	aat:300194509		semapv:UnspecifiedMatching	
wnk:wk005456	underwear	skos:exactMatch	aat:300209267		semapv:UnspecifiedMatching	
wnk:wk005461	awning	skos:exactMatch	aat:300254200		semapv:UnspecifiedMatching	
wnk:wk005462	parasol (costume accessory)	skos:closeMatch	aat:300046218		semapv:UnspecifiedMatching	
wnk:wk005465	Couchtisch	skos:exactMatch	aat:300039640		semapv:UnspecifiedMatching	
wnk:wk005466	shelf	skos:closeMatch	aat:300165847		semapv:UnspecifiedMatching	
wnk:wk005467	Schrank (Möbel)	skos:exactMatch	aat:300039183		semapv:UnspecifiedMatching	
wnk:wk005469	fall front desk	skos:closeMatch	aat:300039521		semapv:UnspecifiedMatching	
wnk:wk005470	Sessel	skos:broadMatch	aat:300037776		semapv:UnspecifiedMatching	
wnk:wk005472	chair (furniture form)	skos:broadMatch	aat:300037772		semapv:UnspecifiedMatching	
wnk:wk005473	carpet (floor covering)	skos:exactMatch	aat:300185756		semapv:UnspecifiedMatching	
wnk:wk005475	bed	skos:exactMatch	aat:300038697		semapv:UnspecifiedMatching	
wnk:wk005477	flowerpot	skos:closeMatch	aat:300194749		semapv:UnspecifiedMatching	
wnk:wk005478	sheer curtain	skos:exactMatch	aat:300203990		semapv:UnspecifiedMatching	
wnk:wk005479	gobelin (tapestry)	skos:closeMatch	aat:300205002		semapv:UnspecifiedMatching	
wnk:wk005481	wall hanging	skos:exactMatch	aat:300204886		semapv:UnspecifiedMatching	
wnk:wk005483	pram (baby carriage)	skos:closeMatch	aat:300212630		semapv:UnspecifiedMatching	
wnk:wk005492	kindergarten (building)	skos:closeMatch	aat:300006592		semapv:UnspecifiedMatching	
wnk:wk005497	lecture hall	skos:closeMatch	aat:300004409		semapv:UnspecifiedMatching	
wnk:wk005499	student housing	skos:closeMatch	aat:300006640		semapv:UnspecifiedMatching	
wnk:wk005502	classroom	skos:exactMatch	aat:300004507		semapv:UnspecifiedMatching	
wnk:wk005505	treasury	skos:exactMatch	aat:300006050		semapv:UnspecifiedMatching	
wnk:wk005511	blackboard	skos:closeMatch	aat:300410506		semapv:UnspecifiedMatching	
wnk:wk005512	language laboratory	skos:exactMatch	aat:300004519		semapv:UnspecifiedMatching	
wnk:wk005516	language (general communication)	skos:exactMatch	aat:300055193		semapv:UnspecifiedMatching	
wnk:wk005517	sign language	skos:exactMatch	aat:300411978		semapv:UnspecifiedMatching	
wnk:wk005522	Freizeit (Zeitraum)	skos:exactMatch	aat:300138173		semapv:UnspecifiedMatching	
wnk:wk005524	picnic	skos:closeMatch	aat:300379161		semapv:UnspecifiedMatching	
wnk:wk005526	health club	skos:closeMatch	aat:300192108		semapv:UnspecifiedMatching	
wnk:wk005530	Schwimmbecken	skos:closeMatch	aat:300007376		semapv:UnspecifiedMatching	
wnk:wk005531	postage stamp	skos:closeMatch	aat:300037321		semapv:UnspecifiedMatching	
wnk:wk005532	coins (money)	skos:exactMatch	aat:300037222		semapv:UnspecifiedMatching	
wnk:wk005534	amusement arcade	skos:closeMatch	aat:300007207		semapv:UnspecifiedMatching	
wnk:wk005535	board game (game set)	skos:exactMatch	aat:300217912		semapv:UnspecifiedMatching	
wnk:wk005537	pack of cards	skos:exactMatch	aat:300191227		semapv:UnspecifiedMatching	
wnk:wk005540	play equipment	skos:closeMatch	aat:300226162		semapv:UnspecifiedMatching	
wnk:wk005541	toy (recreational artifact)	skos:closeMatch	aat:300211037		semapv:UnspecifiedMatching	
wnk:wk005542	scooter (land vehicle)	skos:closeMatch	aat:300220160		semapv:UnspecifiedMatching	
wnk:wk005545	drug	skos:exactMatch	aat:300379869		semapv:UnspecifiedMatching	
wnk:wk005548	children's hospital	skos:exactMatch	aat:300006682		semapv:UnspecifiedMatching	
wnk:wk005551	emergency department	skos:exactMatch	aat:300004540		semapv:UnspecifiedMatching	
wnk:wk005552	operating room	skos:exactMatch	aat:300004557		semapv:UnspecifiedMatching	
wnk:wk005555	ambulance	skos:exactMatch	aat:300212618		semapv:UnspecifiedMatching	
wnk:wk005559	microscope	skos:exactMatch	aat:300024594		semapv:UnspecifiedMatching	
wnk:wk005560	x-ray machine	skos:narrowMatch	aat:300427332		semapv:UnspecifiedMatching	
wnk:wk005566	sexuality	skos:closeMatch	aat:300055187		semapv:UnspecifiedMatching	
wnk:wk005567	addiction	skos:exactMatch	aat:300189146		semapv:UnspecifiedMatching	
wnk:wk005573	death mask	skos:exactMatch	aat:300047724		semapv:UnspecifiedMatching	
wnk:wk005582	sickbay	skos:exactMatch	aat:300004543		semapv:UnspecifiedMatching	
wnk:wk005585	explosion	skos:exactMatch	aat:300262469		semapv:UnspecifiedMatching	
wnk:wk005591	ferris wheel	skos:exactMatch	aat:300007315		semapv:UnspecifiedMatching	
wnk:wk005592	wedding dress	skos:exactMatch	aat:300255177		semapv:UnspecifiedMatching	
wnk:wk005593	Christmas tree	skos:closeMatch	aat:300264822		semapv:UnspecifiedMatching	
wnk:wk005602	stove plate	skos:exactMatch	aat:300248097		semapv:UnspecifiedMatching	
wnk:wk005604	votive painting	skos:broadMatch	aat:300178243		semapv:UnspecifiedMatching	
wnk:wk005605	national dress	skos:closeMatch	aat:300262970		semapv:UnspecifiedMatching	
wnk:wk005622	Reformation (period)	skos:closeMatch	aat:300022041		semapv:UnspecifiedMatching	
wnk:wk005623	Counter-Reformation	skos:exactMatch	aat:300022045		semapv:UnspecifiedMatching	
wnk:wk005624	bible	skos:exactMatch	aat:300264513		semapv:UnspecifiedMatching	
wnk:wk005627	prayer book	skos:exactMatch	aat:300026476		semapv:UnspecifiedMatching	
wnk:wk005628	koran	skos:exactMatch	aat:300265128		semapv:UnspecifiedMatching	
wnk:wk005629	hasidism	skos:exactMatch	aat:300143325		semapv:UnspecifiedMatching	
wnk:wk005631	menorah	skos:exactMatch	aat:300391227		semapv:UnspecifiedMatching	
wnk:wk005633	holiday	skos:closeMatch	aat:300069049		semapv:UnspecifiedMatching	
wnk:wk005640	computer	skos:closeMatch	aat:300024521		semapv:UnspecifiedMatching	
wnk:wk005641	mouse (input device)	skos:exactMatch	aat:300168291		semapv:UnspecifiedMatching	
wnk:wk005642	homepage	skos:exactMatch	aat:300266277		semapv:UnspecifiedMatching	
wnk:wk005644	Laptop	skos:exactMatch	aat:300168350		semapv:UnspecifiedMatching	
wnk:wk005645	server (computer)	skos:broadMatch	aat:300266043		semapv:UnspecifiedMatching	
wnk:wk005647	batteries (electrical)	skos:closeMatch	aat:300104620		semapv:UnspecifiedMatching	
wnk:wk005648	electric cable	skos:exactMatch	aat:300050615		semapv:UnspecifiedMatching	
wnk:wk005649	air conditioning	skos:exactMatch	aat:300135620		semapv:UnspecifiedMatching	
wnk:wk005650	air conditioner	skos:exactMatch	aat:300135620		semapv:UnspecifiedMatching	
wnk:wk005652	generator	skos:exactMatch	aat:300024606		semapv:UnspecifiedMatching	
wnk:wk005653	spacecraft	skos:exactMatch	aat:300212528		semapv:UnspecifiedMatching	
wnk:wk005654	space station	skos:exactMatch	aat:300008030		semapv:UnspecifiedMatching	
wnk:wk005655	artificial satellite	skos:exactMatch	aat:300212869		semapv:UnspecifiedMatching	
wnk:wk005658	solar cell	skos:exactMatch	aat:300260469		semapv:UnspecifiedMatching	
wnk:wk005663	archaeology	skos:exactMatch	aat:300054328		semapv:UnspecifiedMatching	
wnk:wk005664	menhir	skos:exactMatch	aat:300006985		semapv:UnspecifiedMatching	
wnk:wk005665	moon	skos:exactMatch	aat:300386951		semapv:UnspecifiedMatching	
wnk:wk005666	star (extraterrestrial body)	skos:exactMatch	aat:300387654		semapv:UnspecifiedMatching	
wnk:wk005670	erosion	skos:closeMatch	aat:300054116		semapv:UnspecifiedMatching	
wnk:wk005676	karst	skos:exactMatch	aat:300379772		semapv:UnspecifiedMatching	
wnk:wk005680	mountain peak	skos:closeMatch	aat:300008798		semapv:UnspecifiedMatching	
wnk:wk005681	glacier (body of water)	skos:exactMatch	aat:300008835		semapv:UnspecifiedMatching	
wnk:wk005682	Hang (Landschaft)	skos:exactMatch	aat:300132356		semapv:UnspecifiedMatching	
wnk:wk005683	plateaus (landforms)	skos:exactMatch	aat:300132339		semapv:UnspecifiedMatching	
wnk:wk005685	ravine	skos:exactMatch	aat:300008773		semapv:UnspecifiedMatching	
wnk:wk005687	gorge (landform)	skos:closeMatch	aat:300008767		semapv:UnspecifiedMatching	
wnk:wk005691	medal	skos:exactMatch	aat:300046025		semapv:UnspecifiedMatching	
wnk:wk005692	scroll (information artifacts)	skos:exactMatch	aat:300028629		semapv:UnspecifiedMatching	
wnk:wk005693	seal (artifact)	skos:broadMatch	aat:300028877		semapv:UnspecifiedMatching	
wnk:wk005696	certificate	skos:exactMatch	aat:300026841		semapv:UnspecifiedMatching	
wnk:wk005697	contract	skos:exactMatch	aat:300027649		semapv:UnspecifiedMatching	
wnk:wk005705	theater (discipline)	skos:exactMatch	aat:300054148		semapv:UnspecifiedMatching	
wnk:wk005706	Sound Device (hierarchy name)	skos:closeMatch	aat:300041619		semapv:UnspecifiedMatching	
wnk:wk005709	amulet	skos:closeMatch	aat:300266585		semapv:UnspecifiedMatching	
wnk:wk005710	Schmuckstück	skos:closeMatch	aat:300209286		semapv:UnspecifiedMatching	
wnk:wk005711	costume by function	skos:exactMatch	aat:300212133		semapv:UnspecifiedMatching	
wnk:wk005714	vambrace	skos:closeMatch	aat:300253072		semapv:UnspecifiedMatching	
wnk:wk005720	horse armor	skos:closeMatch	aat:300036900		semapv:UnspecifiedMatching	
wnk:wk005722	uniform	skos:exactMatch	aat:300212393		semapv:UnspecifiedMatching	
wnk:wk005723	costume accessory	skos:closeMatch	aat:300209273		semapv:UnspecifiedMatching	
wnk:wk005726	fibula (brooch)	skos:exactMatch	aat:300209303		semapv:UnspecifiedMatching	
wnk:wk005728	Torah scroll	skos:closeMatch	aat:300419304		semapv:UnspecifiedMatching	
wnk:wk005800	Ornament (Kunst)	skos:exactMatch	aat:300266794		semapv:UnspecifiedMatching	
wnk:wk005804	mosaic (visual work)	skos:exactMatch	aat:300015342		semapv:UnspecifiedMatching	
wnk:wk005806	body of water (natural)	skos:exactMatch	aat:300266059		semapv:UnspecifiedMatching	
wnk:wk005807	iron alloy	skos:exactMatch	aat:300010904		semapv:UnspecifiedMatching	
wnk:wk005815	educational institution	skos:exactMatch	aat:300386368		semapv:UnspecifiedMatching	
wnk:wk005823	document genre	skos:exactMatch	aat:300026031		semapv:UnspecifiedMatching	
wnk:wk005824	document by function	skos:exactMatch	aat:300137955		semapv:UnspecifiedMatching	
wnk:wk005829	Recreational Artifacts (hierarchy name)	skos:broadMatch	aat:300136012		semapv:UnspecifiedMatching	
wnk:wk005830	musician	skos:exactMatch	aat:300025666		semapv:UnspecifiedMatching	
wnk:wk005834	dresses (garments)	skos:closeMatch	aat:300046159		semapv:UnspecifiedMatching	
wnk:wk005837	coverings and hangings	skos:closeMatch	aat:300205012		semapv:UnspecifiedMatching	
wnk:wk005838	modern European style and movement	skos:closeMatch	aat:300021424		semapv:UnspecifiedMatching	
wnk:wk005841	person in the visual arts	skos:closeMatch	aat:300025101		semapv:UnspecifiedMatching	
wnk:wk005845	amusement ride	skos:exactMatch	aat:300007313		semapv:UnspecifiedMatching	
wnk:wk005846	international post-1945 style and movement	skos:closeMatch	aat:300022097		semapv:UnspecifiedMatching	
wnk:wk005847	religious visual works	skos:closeMatch	aat:300234093		semapv:UnspecifiedMatching	
wnk:wk005848	visual works by material or technique	skos:closeMatch	aat:300191091		semapv:UnspecifiedMatching	
wnk:wk005849	visual work by function	skos:closeMatch	aat:300191089		semapv:UnspecifiedMatching	
wnk:wk005850	portrait	skos:exactMatch	aat:300015637		semapv:UnspecifiedMatching	
wnk:wk005851	visual work by location or context	skos:closeMatch	aat:300191090		semapv:UnspecifiedMatching	
wnk:wk005852	document by form	skos:closeMatch	aat:300137954		semapv:UnspecifiedMatching	
wnk:wk005854	time-based work	skos:exactMatch	aat:300185191		semapv:UnspecifiedMatching	
wnk:wk005858	scale (weighing device)	skos:closeMatch	aat:300196293		semapv:UnspecifiedMatching	
wnk:wk005859	painting (visual work)	skos:closeMatch	aat:300033618		semapv:UnspecifiedMatching	
wnk:wk005862	Gemälde nach Thema	skos:closeMatch	aat:300262836		semapv:UnspecifiedMatching	
wnk:wk005863	process and technique by specific type	skos:closeMatch	aat:300053003		semapv:UnspecifiedMatching	
wnk:wk005864	image-making process and technique	skos:exactMatch	aat:300053159		semapv:UnspecifiedMatching	
wnk:wk005867	additive and joining process and technique	skos:closeMatch	aat:300229467		semapv:UnspecifiedMatching	
wnk:wk005868	process and technique by material	skos:closeMatch	aat:300053900		semapv:UnspecifiedMatching	
wnk:wk005869	hide and skin processing	skos:closeMatch	aat:300229483		semapv:UnspecifiedMatching	
wnk:wk005870	textile process and technique	skos:closeMatch	aat:300239669		semapv:UnspecifiedMatching	
wnk:wk005871	forming (physical activity)	skos:exactMatch	aat:300053098		semapv:UnspecifiedMatching	
wnk:wk005872	metalworking and metalworking process and technique	skos:exactMatch	aat:300155055		semapv:UnspecifiedMatching	
wnk:wk005884	Ingenieurswissenschaft	skos:closeMatch	aat:300054474		semapv:UnspecifiedMatching	
wnk:wk005885	identifying artifact	skos:closeMatch	aat:300200896		semapv:UnspecifiedMatching	
wnk:wk005886	Physical Attribute (facet)	skos:exactMatch	aat:300264087		semapv:UnspecifiedMatching	
wnk:wk005887	Condition and Effect (hierarchy name)	skos:closeMatch	aat:300186269		semapv:UnspecifiedMatching	
wnk:wk005888	condition and effect by origin	skos:closeMatch	aat:300263477		semapv:UnspecifiedMatching	
wnk:wk005891	site element	skos:closeMatch	aat:300078073		semapv:UnspecifiedMatching	
wnk:wk005892	bed (site element)	skos:closeMatch	aat:300239937		semapv:UnspecifiedMatching	
wnk:wk005893	garden structures	skos:exactMatch	aat:300006822		semapv:UnspecifiedMatching	
wnk:wk005896	liturgical container	skos:closeMatch	aat:300194500		semapv:UnspecifiedMatching	
wnk:wk005897	Social Science Concept (hierarchy name)	skos:closeMatch	aat:300239103		semapv:UnspecifiedMatching	
wnk:wk005898	Sociological Concept (hierarchy name)	skos:closeMatch	aat:300065818		semapv:UnspecifiedMatching	
wnk:wk005899	social issue	skos:closeMatch	aat:300055286		semapv:UnspecifiedMatching	
wnk:wk005900	poverty	skos:exactMatch	aat:300055307		semapv:UnspecifiedMatching	
wnk:wk005901	Fenster nach Lage oder Kontext	skos:closeMatch	aat:300069355		semapv:UnspecifiedMatching	
wnk:wk005902	Kunst und verwandte Disziplinen	skos:closeMatch	aat:300054145		semapv:UnspecifiedMatching	
wnk:wk005903	Darstellende Kunst	skos:closeMatch	aat:300054140		semapv:UnspecifiedMatching	
wnk:wk005909	vehicle grouping	skos:exactMatch	aat:300219257		semapv:UnspecifiedMatching	
wnk:wk005911	Dokumente von Architektenentwürfen und Baubeschreibungen	skos:narrowMatch	aat:300343615		semapv:UnspecifiedMatching	
wnk:wk005914	fine art	skos:closeMatch	aat:300054195		semapv:UnspecifiedMatching	
wnk:wk005915	beaker (drinking vessel)	skos:exactMatch	aat:300043198		semapv:UnspecifiedMatching	
wnk:wk005916	container for cooking food	skos:closeMatch	aat:300198759		semapv:UnspecifiedMatching	
wnk:wk005923	filial church	skos:closeMatch	aat:300007452		semapv:UnspecifiedMatching	
wnk:wk005927	object genre by material or technique	skos:closeMatch	aat:300190712		semapv:UnspecifiedMatching	
wnk:wk005928	object genre by location, context or origin	skos:closeMatch	aat:300266358		semapv:UnspecifiedMatching	
wnk:wk005940	textile	skos:exactMatch	aat:300014063		semapv:UnspecifiedMatching	
wnk:wk005941	fragment (object portion)	skos:exactMatch	aat:300117130		semapv:UnspecifiedMatching	
wnk:wk005943	wire	skos:closeMatch	aat:300011063		semapv:UnspecifiedMatching	
wnk:wk005944	wattle (building material)	skos:exactMatch	aat:300011888		semapv:UnspecifiedMatching	
wnk:wk005945	tabletop game (game set)	skos:closeMatch	aat:300216607		semapv:UnspecifiedMatching	
wnk:wk005945	tabletop game (game set)	skos:relatedMatch	aat:300222752		semapv:UnspecifiedMatching	
wnk:wk005950	covering and hanging by location or contex	skos:closeMatch	aat:300197364		semapv:UnspecifiedMatching	
wnk:wk005951	Bedeckung und Behang für Möbel	skos:closeMatch	aat:300197365		semapv:UnspecifiedMatching	
wnk:wk005953	blanket (covering)	skos:exactMatch	aat:300197367		semapv:UnspecifiedMatching	
wnk:wk005956	object genre by cultural or intellectual valuation	skos:closeMatch	aat:300234076		semapv:UnspecifiedMatching	
wnk:wk005957	drawings by material or technique	skos:closeMatch	aat:300033973		semapv:UnspecifiedMatching	
wnk:wk005959	board (game)	skos:exactMatch	aat:300136024		semapv:UnspecifiedMatching	
wnk:wk005961	vegetation	skos:exactMatch	aat:300266061		semapv:UnspecifiedMatching	
wnk:wk005962	Pflanzenfamilie	skos:exactMatch	aat:300132360		semapv:UnspecifiedMatching	
wnk:wk005966	plant community (natural)	skos:exactMatch	aat:300132439		semapv:UnspecifiedMatching	
wnk:wk005967	extraterrestrial body	skos:exactMatch	aat:300266157		semapv:UnspecifiedMatching	
wnk:wk005968	planet	skos:exactMatch	aat:300263109		semapv:UnspecifiedMatching	
wnk:wk005969	cultural landscape	skos:exactMatch	aat:300008932		semapv:UnspecifiedMatching	
wnk:wk005974	blind arch	skos:exactMatch	aat:300001112		semapv:UnspecifiedMatching	
wnk:wk005977	horticultural container	skos:exactMatch	aat:300198749		semapv:UnspecifiedMatching	
wnk:wk005979	condition changing (process)	skos:closeMatch	aat:300229410		semapv:UnspecifiedMatching	
wnk:wk005981	Brunnen nach Konstruktion	skos:closeMatch	aat:300152310		semapv:UnspecifiedMatching	
wnk:wk005983	trough (container)	skos:exactMatch	aat:300220971		semapv:UnspecifiedMatching	
wnk:wk005988	history museum	skos:closeMatch	aat:300312304		semapv:UnspecifiedMatching	
wnk:wk005997	Exchange Medium (hierarchy name)	skos:closeMatch	aat:300037221		semapv:UnspecifiedMatching	
wnk:wk006003	glass (material)	skos:exactMatch	aat:300010797		semapv:UnspecifiedMatching	
wnk:wk006005	surface working and finishing equipment	skos:exactMatch	aat:300024833		semapv:UnspecifiedMatching	
wnk:wk006006	rooms and spaces	skos:closeMatch	aat:300133704		semapv:UnspecifiedMatching	
wnk:wk006007	rooms and spaces by building type	skos:closeMatch	aat:300100051		semapv:UnspecifiedMatching	
wnk:wk006009	song (musical composition)	skos:exactMatch	aat:300167056		semapv:UnspecifiedMatching	
wnk:wk006012	ceremonial costume	skos:exactMatch	aat:300210387		semapv:UnspecifiedMatching	
wnk:wk006014	computer equipment	skos:closeMatch	aat:300235731		semapv:UnspecifiedMatching	
wnk:wk006015	association	skos:closeMatch	aat:300025950		semapv:UnspecifiedMatching	
wnk:wk006019	Physical and Mental Activitiy (hierarchy name)	skos:exactMatch	aat:300222468		semapv:UnspecifiedMatching	
wnk:wk006020	physical activity	skos:closeMatch	aat:300222722		semapv:UnspecifiedMatching	
wnk:wk006022	körperliche Aktivität nach spezifischem Kontext	skos:closeMatch	aat:300239444		semapv:UnspecifiedMatching	
wnk:wk006024	social sciences	skos:closeMatch	aat:300054314		semapv:UnspecifiedMatching	
wnk:wk006025	table by function	skos:closeMatch	aat:300039620		semapv:UnspecifiedMatching	
wnk:wk006026	table by location or context	skos:closeMatch	aat:300165793		semapv:UnspecifiedMatching	
wnk:wk006028	jacket (garment)	skos:closeMatch	aat:300046167		semapv:UnspecifiedMatching	
wnk:wk006030	main garments for the upper body	skos:closeMatch	aat:300209278		semapv:UnspecifiedMatching	
wnk:wk006031	main garments for the lower body	skos:closeMatch	aat:300209279		semapv:UnspecifiedMatching	
wnk:wk006033	Peripheres Gerät	skos:exactMatch	aat:300024527		semapv:UnspecifiedMatching	
wnk:wk006034	input devices	skos:exactMatch	aat:300168267		semapv:UnspecifiedMatching	
wnk:wk006035	group of people	skos:exactMatch	aat:300192630		semapv:UnspecifiedMatching	
wnk:wk006036	group of people by activity	skos:closeMatch	aat:300192631		semapv:UnspecifiedMatching	
wnk:wk006037	group of people by state or condition	skos:closeMatch	aat:300192632		semapv:UnspecifiedMatching	
wnk:wk006040	rope	skos:relatedMatch	aat:300014248		semapv:UnspecifiedMatching	
wnk:wk006041	cable	skos:closeMatch	aat:300014618		semapv:UnspecifiedMatching	
wnk:wk006044	costume by wearer	skos:exactMatch	aat:300379347		semapv:UnspecifiedMatching	
wnk:wk006045	concrete	skos:exactMatch	aat:300010737		semapv:UnspecifiedMatching	
wnk:wk006046	lighting device by form	skos:closeMatch	aat:300179870		semapv:UnspecifiedMatching	
wnk:wk006051	visual work by form	skos:closeMatch	aat:300191087		semapv:UnspecifiedMatching	
wnk:wk006053	doors by form	skos:exactMatch	aat:300002805		semapv:UnspecifiedMatching	
wnk:wk006054	doors by mode of operation	skos:exactMatch	aat:300069011		semapv:UnspecifiedMatching	
wnk:wk006055	doors by function	skos:exactMatch	aat:300002818		semapv:UnspecifiedMatching	
wnk:wk006056	religious concept (hierarchy name)	skos:closeMatch	aat:300055980		semapv:UnspecifiedMatching	
wnk:wk006061	Biological Concept (hierarchy name)	skos:exactMatch	aat:300055128		semapv:UnspecifiedMatching	
wnk:wk006062	disease	skos:exactMatch	aat:300055130		semapv:UnspecifiedMatching	
wnk:wk006063	Health and Related Concept	skos:closeMatch	aat:300189625		semapv:UnspecifiedMatching	
wnk:wk006064	deanery	skos:relatedMatch	aat:300005644		semapv:UnspecifiedMatching	
wnk:wk006065	piers by form	skos:closeMatch	aat:300000955		semapv:UnspecifiedMatching	
wnk:wk006066	pier by location or context	skos:closeMatch	aat:300000966		semapv:UnspecifiedMatching	
wnk:wk006067	tile (object genre )	skos:exactMatch	aat:300010676		semapv:UnspecifiedMatching	
wnk:wk006071	Süßgras	skos:exactMatch	aat:300343828		semapv:UnspecifiedMatching	
wnk:wk006078	document genres for literary works	skos:closeMatch	aat:300200882		semapv:UnspecifiedMatching	
wnk:wk006085	municipality	skos:exactMatch	aat:300265612		semapv:UnspecifiedMatching	
wnk:wk006087	parapet	skos:exactMatch	aat:300002717		semapv:UnspecifiedMatching	
wnk:wk006089	glass by form	skos:closeMatch	aat:300010820		semapv:UnspecifiedMatching	
wnk:wk006090	Tafelglas	skos:closeMatch	aat:300010824		semapv:UnspecifiedMatching	
wnk:wk006099	rooms and spaces by occupants	skos:closeMatch	aat:300075770		semapv:UnspecifiedMatching	
wnk:wk006104	exhibition building	skos:exactMatch	aat:300005748		semapv:UnspecifiedMatching	
wnk:wk006105	fresco secco (technique)	skos:exactMatch	aat:300053374		semapv:UnspecifiedMatching	
wnk:wk006107	encaustic painting (technique)	skos:exactMatch	aat:300053353		semapv:UnspecifiedMatching	
wnk:wk006110	sgraffito (technique)	skos:exactMatch	aat:300266416		semapv:UnspecifiedMatching	
wnk:wk006112	combinations of rooms	skos:closeMatch	aat:300075458		semapv:UnspecifiedMatching	
wnk:wk006114	fastener	skos:closeMatch	aat:300036363		semapv:UnspecifiedMatching	
wnk:wk006115	circulation space	skos:exactMatch	aat:300004241		semapv:UnspecifiedMatching	
wnk:wk006116	Design Element (hierarchy name)	skos:closeMatch	aat:300009699		semapv:UnspecifiedMatching	
wnk:wk006117	Farbe (Hierarchiename)	skos:closeMatch	aat:300131647		semapv:UnspecifiedMatching	
wnk:wk006118	positional attributes	skos:closeMatch	aat:300010269		semapv:UnspecifiedMatching	
wnk:wk006121	Subtraktives Verfahren und Prozess	skos:closeMatch	aat:300229471		semapv:UnspecifiedMatching	
wnk:wk006122	equipment by general type	skos:closeMatch	aat:300167845		semapv:UnspecifiedMatching	
wnk:wk006124	equipment by profession or discipline	skos:closeMatch	aat:300022241		semapv:UnspecifiedMatching	
wnk:wk006125	equipment by material processed	skos:closeMatch	aat:300168082		semapv:UnspecifiedMatching	
wnk:wk006126	temporary structure	skos:closeMatch	aat:300007997		semapv:UnspecifiedMatching	
wnk:wk006128	shaping and guiding tool	skos:exactMatch	aat:300162806		semapv:UnspecifiedMatching	
wnk:wk006132	cooling, heating and humidifying equipment	skos:exactMatch	aat:300163291		semapv:UnspecifiedMatching	
wnk:wk006134	Gerätschaften zur Kommunikation	skos:exactMatch	aat:300052758		semapv:UnspecifiedMatching	
wnk:wk006137	maintenance and cleaning equipment	skos:exactMatch	aat:300162798		semapv:UnspecifiedMatching	
wnk:wk006139	animal husbandry equipment	skos:closeMatch	aat:300255532		semapv:UnspecifiedMatching	
wnk:wk006140	support furniture	skos:exactMatch	aat:300039337		semapv:UnspecifiedMatching	
wnk:wk006143	advent	skos:exactMatch	aat:300192157		semapv:UnspecifiedMatching	
wnk:wk006145	Adventskranz	skos:closeMatch	aat:300391224		semapv:UnspecifiedMatching	
wnk:wk006153	farmer (people in agriculture)	skos:exactMatch	aat:300025607		semapv:UnspecifiedMatching	
wnk:wk006154	combine (agricultural equipment)	skos:closeMatch	aat:300024345		semapv:UnspecifiedMatching	
wnk:wk006156	Begräbnisordnung	skos:broadMatch	aat:300027967		semapv:UnspecifiedMatching	
wnk:wk006171	bread	skos:closeMatch	aat:300262820		semapv:UnspecifiedMatching	
wnk:wk006172	fraternity	skos:exactMatch	aat:300386371		semapv:UnspecifiedMatching	
wnk:wk006176	butter	skos:closeMatch	aat:300389819		semapv:UnspecifiedMatching	
wnk:wk006177	churn	skos:exactMatch	aat:300043094		semapv:UnspecifiedMatching	
wnk:wk006193	Ei	skos:exactMatch	aat:300011801		semapv:UnspecifiedMatching	
wnk:wk006198	Eisdiele	skos:exactMatch	aat:300005194		semapv:UnspecifiedMatching	
wnk:wk006201	parents	skos:exactMatch	aat:300025930		semapv:UnspecifiedMatching	
wnk:wk006206	harvest festivals	skos:closeMatch	aat:300260323		semapv:UnspecifiedMatching	
wnk:wk006208	first communion	skos:exactMatch	aat:300391315		semapv:UnspecifiedMatching	
wnk:wk006212	family	skos:closeMatch	aat:300055474		semapv:UnspecifiedMatching	
wnk:wk006221	Fastenzeit (Ereignis im Kirchenjahr)	skos:exactMatch	aat:300162822		semapv:UnspecifiedMatching	
wnk:wk006224	feast (meal)	skos:closeMatch	aat:300069097		semapv:UnspecifiedMatching	
wnk:wk006235	birthday	skos:closeMatch	aat:300069093		semapv:UnspecifiedMatching	
wnk:wk006242	grave goods	skos:exactMatch	aat:300180706		semapv:UnspecifiedMatching	
wnk:wk006246	Maundy Thursday	skos:exactMatch	aat:300264413		semapv:UnspecifiedMatching	
wnk:wk006258	veneration of saints	skos:broadMatch	aat:300056005		semapv:UnspecifiedMatching	
wnk:wk006258	veneration of saints	skos:relatedMatch	aat:300400471		semapv:UnspecifiedMatching	
wnk:wk006260	local historian	skos:closeMatch	aat:300251988		semapv:UnspecifiedMatching	
wnk:wk006267	wedding	skos:exactMatch	aat:300069158		semapv:UnspecifiedMatching	
wnk:wk006280	icon (devotional image)	skos:exactMatch	aat:300033945		semapv:UnspecifiedMatching	
wnk:wk006281	snack bar	skos:closeMatch	aat:300005172		semapv:UnspecifiedMatching	
wnk:wk006292	coffee (beverage)	skos:closeMatch	aat:300254662		semapv:UnspecifiedMatching	
wnk:wk006294	Good Friday	skos:exactMatch	aat:300069634		semapv:UnspecifiedMatching	
wnk:wk006303	carousels (rides)	skos:exactMatch	aat:300007316		semapv:UnspecifiedMatching	
wnk:wk006304	Holy Week	skos:exactMatch	aat:300379024		semapv:UnspecifiedMatching	
wnk:wk006308	childhood	skos:exactMatch	aat:300189564		semapv:UnspecifiedMatching	
wnk:wk006316	general store	skos:closeMatch	aat:300005354		semapv:UnspecifiedMatching	
wnk:wk006319	headscarf	skos:closeMatch	aat:300256716		semapv:UnspecifiedMatching	
wnk:wk006320	basket (container)	skos:exactMatch	aat:300194498		semapv:UnspecifiedMatching	
wnk:wk006325	christmas crib	skos:exactMatch	aat:300264820		semapv:UnspecifiedMatching	
wnk:wk006336	maypole	skos:closeMatch	aat:300375131		semapv:UnspecifiedMatching	
wnk:wk006362	milking stool	skos:exactMatch	aat:300038449		semapv:UnspecifiedMatching	
wnk:wk006363	milk can	skos:closeMatch	aat:300255809		semapv:UnspecifiedMatching	
wnk:wk006370	jester	skos:exactMatch	aat:300025663		semapv:UnspecifiedMatching	
wnk:wk006382	Easter egg	skos:exactMatch	aat:300380312		semapv:UnspecifiedMatching	
wnk:wk006391	Palm Sunday	skos:exactMatch	aat:300069638		semapv:UnspecifiedMatching	
wnk:wk006399	plow (agricultural equipment)	skos:closeMatch	aat:300233317		semapv:UnspecifiedMatching	
wnk:wk006404	postcard	skos:exactMatch	aat:300026816		semapv:UnspecifiedMatching	
wnk:wk006405	priest	skos:exactMatch	aat:300025774		semapv:UnspecifiedMatching	
wnk:wk006412	smoking (activity)	skos:exactMatch	aat:300380156		semapv:UnspecifiedMatching	
wnk:wk006416	rake (tool)	skos:exactMatch	aat:300247430		semapv:UnspecifiedMatching	
wnk:wk006434	veil (headcloth)	skos:exactMatch	aat:300046128		semapv:UnspecifiedMatching	
wnk:wk006448	scythe	skos:exactMatch	aat:300024371		semapv:UnspecifiedMatching	
wnk:wk006449	sickle	skos:exactMatch	aat:300264860		semapv:UnspecifiedMatching	
wnk:wk006462	spinning wheel	skos:exactMatch	aat:300263278		semapv:UnspecifiedMatching	
wnk:wk006470	Strohpuppe	skos:relatedMatch	aat:300264473		semapv:UnspecifiedMatching	
wnk:wk006474	supermarket	skos:exactMatch	aat:300005246		semapv:UnspecifiedMatching	
wnk:wk006475	tobacco (material)	skos:closeMatch	aat:300011896		semapv:UnspecifiedMatching	
wnk:wk006481	teddy bear	skos:exactMatch	aat:300211334		semapv:UnspecifiedMatching	
wnk:wk006487	tourism	skos:exactMatch	aat:300132466		semapv:UnspecifiedMatching	
wnk:wk006489	grief	skos:exactMatch	aat:300055162		semapv:UnspecifiedMatching	
wnk:wk006492	resettlement	skos:exactMatch	aat:300055422		semapv:UnspecifiedMatching	
wnk:wk006494	father	skos:exactMatch	aat:300025931		semapv:UnspecifiedMatching	
wnk:wk006499	club	skos:exactMatch	aat:300025950		semapv:UnspecifiedMatching	
wnk:wk006501	auction	skos:exactMatch	aat:300054751		semapv:UnspecifiedMatching	
wnk:wk006507	water	skos:exactMatch	aat:300011772		semapv:UnspecifiedMatching	
wnk:wk006518	guild	skos:exactMatch	aat:300025988		semapv:UnspecifiedMatching	
wnk:wk006519	dinner	skos:closeMatch	aat:300379054		semapv:UnspecifiedMatching	
wnk:wk006527	performance (entertainment event)	skos:closeMatch	aat:300069200		semapv:UnspecifiedMatching	
wnk:wk006529	education	skos:exactMatch	aat:300191862		semapv:UnspecifiedMatching	
wnk:wk006535	batik	skos:exactMatch	aat:300053050		semapv:UnspecifiedMatching	
wnk:wk006540	billiards	skos:exactMatch	aat:300222754		semapv:UnspecifiedMatching	
wnk:wk006541	biology	skos:exactMatch	aat:300054466		semapv:UnspecifiedMatching	
wnk:wk006543	bleaching	skos:closeMatch	aat:300053047		semapv:UnspecifiedMatching	
wnk:wk006545	Bowling	skos:exactMatch	aat:300239467		semapv:UnspecifiedMatching	
wnk:wk006546	conflagration	skos:broadMatch	aat:300068986		semapv:UnspecifiedMatching	
wnk:wk006552	letterpress printing	skos:exactMatch	aat:300178926		semapv:UnspecifiedMatching	
wnk:wk006560	hanukka	skos:exactMatch	aat:300069632		semapv:UnspecifiedMatching	
wnk:wk006561	Chemie	skos:exactMatch	aat:300054537		semapv:UnspecifiedMatching	
wnk:wk006565	Ascension Day	skos:exactMatch	aat:300069640		semapv:UnspecifiedMatching	
wnk:wk006572	marriage	skos:exactMatch	aat:300055475		semapv:UnspecifiedMatching	
wnk:wk006574	Einkaufen	skos:narrowMatch	aat:300077989		semapv:UnspecifiedMatching	
wnk:wk006574	Einkaufen	skos:narrowMatch	aat:300247594		semapv:UnspecifiedMatching	
wnk:wk006579	Elektrotechnik	skos:exactMatch	aat:300054490		semapv:UnspecifiedMatching	
wnk:wk006584	Erntedankfest	skos:relatedMatch	aat:300069061		semapv:UnspecifiedMatching	
wnk:wk006586	adult education	skos:exactMatch	aat:300254108		semapv:UnspecifiedMatching	
wnk:wk006589	baptism	skos:exactMatch	aat:300069030		semapv:UnspecifiedMatching	
wnk:wk006600	celebration	skos:exactMatch	aat:300152441		semapv:UnspecifiedMatching	
wnk:wk006605	research	skos:exactMatch	aat:300054687		semapv:UnspecifiedMatching	
wnk:wk006613	Frühstück	skos:exactMatch	aat:300379055		semapv:UnspecifiedMatching	
wnk:wk006615	birth	skos:exactMatch	aat:300069672		semapv:UnspecifiedMatching	
wnk:wk006620	science of history	skos:exactMatch	aat:300054394		semapv:UnspecifiedMatching	
wnk:wk006624	gambling	skos:exactMatch	aat:300252706		semapv:UnspecifiedMatching	
wnk:wk006638	hobby	skos:relatedMatch	aat:300069710		semapv:UnspecifiedMatching	
wnk:wk006649	Carnival (pre-Lenten festival)	skos:exactMatch	aat:300069281		semapv:UnspecifiedMatching	
wnk:wk006661	Konfirmation	skos:exactMatch	aat:300069146		semapv:UnspecifiedMatching	
wnk:wk006664	concert	skos:exactMatch	aat:300069210		semapv:UnspecifiedMatching	
wnk:wk006691	meal	skos:closeMatch	aat:300379053		semapv:UnspecifiedMatching	
wnk:wk006702	minigolf	skos:exactMatch	aat:300312086		semapv:UnspecifiedMatching	
wnk:wk006705	lunch	skos:closeMatch	aat:300379056		semapv:UnspecifiedMatching	
wnk:wk006713	New Year's Day	skos:exactMatch	aat:300069456		semapv:UnspecifiedMatching	
wnk:wk006716	occultism	skos:exactMatch	aat:300056542		semapv:UnspecifiedMatching	
wnk:wk006728	Easter	skos:exactMatch	aat:300069057		semapv:UnspecifiedMatching	
wnk:wk006734	philosophy	skos:exactMatch	aat:300054279		semapv:UnspecifiedMatching	
wnk:wk006735	physic	skos:exactMatch	aat:300054559		semapv:UnspecifiedMatching	
wnk:wk006751	restoration (process)	skos:closeMatch	aat:300053742		semapv:UnspecifiedMatching	
wnk:wk006762	writing (process)	skos:exactMatch	aat:300054698		semapv:UnspecifiedMatching	
wnk:wk006772	pregnancy	skos:exactMatch	aat:300189669		semapv:UnspecifiedMatching	
wnk:wk006779	skateboard	skos:closeMatch	aat:300211245		semapv:UnspecifiedMatching	
wnk:wk006786	play (amusing activity)	skos:narrowMatch	aat:300069657		semapv:UnspecifiedMatching	
wnk:wk006786	play (amusing activity)	skos:narrowMatch	aat:300263267		semapv:UnspecifiedMatching	
wnk:wk006792	urban planning	skos:exactMatch	aat:300054427		semapv:UnspecifiedMatching	
wnk:wk006801	dance (discipline)	skos:exactMatch	aat:300054144		semapv:UnspecifiedMatching	
wnk:wk006802	dancing (activity)	skos:closeMatch	aat:300389779		semapv:UnspecifiedMatching	
wnk:wk006816	drinking	skos:exactMatch	aat:300379698		semapv:UnspecifiedMatching	
wnk:wk006827	Verwitterung	skos:exactMatch	aat:300054115		semapv:UnspecifiedMatching	
wnk:wk006839	Christmas	skos:exactMatch	aat:300069053		semapv:UnspecifiedMatching	
wnk:wk006845	reassembling	skos:exactMatch	aat:300379615		semapv:UnspecifiedMatching	
wnk:wk006864	fire-making and controlling equipment	skos:exactMatch	aat:300024642		semapv:UnspecifiedMatching	
wnk:wk006865	firesteel	skos:exactMatch	aat:300266523		semapv:UnspecifiedMatching	
wnk:wk006868	broiler	skos:closeMatch	aat:300203658		semapv:UnspecifiedMatching	
wnk:wk006869	spits	skos:exactMatch	aat:300201151		semapv:UnspecifiedMatching	
wnk:wk006870	tripod (stand)	skos:relatedMatch	aat:300164679		semapv:UnspecifiedMatching	
wnk:wk006871	fishing tackle	skos:exactMatch	aat:300024416		semapv:UnspecifiedMatching	
wnk:wk006873	fishhook	skos:exactMatch	aat:300024418		semapv:UnspecifiedMatching	
wnk:wk006875	ingot	skos:relatedMatch	aat:300137865		semapv:UnspecifiedMatching	
wnk:wk006876	material by origin	skos:exactMatch	aat:300206573		semapv:UnspecifiedMatching	
wnk:wk006877	residue material	skos:exactMatch	aat:300162489		semapv:UnspecifiedMatching	
wnk:wk006879	floor tile	skos:closeMatch	aat:300250799		semapv:UnspecifiedMatching	
wnk:wk006880	wall tile	skos:exactMatch	aat:300010731		semapv:UnspecifiedMatching	
wnk:wk006883	jewelry worn on arms and hands	skos:closeMatch	aat:300211901		semapv:UnspecifiedMatching	
wnk:wk006884	jewelry worn on costume	skos:closeMatch	aat:300209292		semapv:UnspecifiedMatching	
wnk:wk006886	college building	skos:broadMatch	aat:300122164		semapv:UnspecifiedMatching	
wnk:wk006887	pendant (jewelry)	skos:exactMatch	aat:300046002		semapv:UnspecifiedMatching	
wnk:wk006888	pin (jewelry)	skos:exactMatch	aat:300046006		semapv:UnspecifiedMatching	
wnk:wk006889	jewelry worn on the head	skos:closeMatch	aat:300209301		semapv:UnspecifiedMatching	
wnk:wk006891	jewelry worn around the neck or on the upper body	skos:closeMatch	aat:300209290		semapv:UnspecifiedMatching	
wnk:wk006894	bangle	skos:closeMatch	aat:300045992		semapv:UnspecifiedMatching	
wnk:wk006897	dog tag (military)	skos:closeMatch	aat:300255372		semapv:UnspecifiedMatching	
wnk:wk006899	weight (scale component)	skos:exactMatch	aat:300197555		semapv:UnspecifiedMatching	
wnk:wk006900	money (objects)	skos:exactMatch	aat:300037316		semapv:UnspecifiedMatching	
wnk:wk006901	axe (weapon)	skos:exactMatch	aat:300036982		semapv:UnspecifiedMatching	
wnk:wk006902	throwing axe	skos:exactMatch	aat:300228714		semapv:UnspecifiedMatching	
wnk:wk006903	battle-axe	skos:exactMatch	aat:300036983		semapv:UnspecifiedMatching	
wnk:wk006905	calendar (document)	skos:exactMatch	aat:300026741		semapv:UnspecifiedMatching	
wnk:wk006906	ring (object genre )	skos:closeMatch	aat:300263678		semapv:UnspecifiedMatching	
wnk:wk006907	wreath (visual work)	skos:exactMatch	aat:300391223		semapv:UnspecifiedMatching	
wnk:wk006908	religious holiday	skos:exactMatch	aat:300069349		semapv:UnspecifiedMatching	
wnk:wk006909	Christian holidays	skos:exactMatch	aat:300264394		semapv:UnspecifiedMatching	
wnk:wk006914	openings and opening components	skos:closeMatch	aat:300052369		semapv:UnspecifiedMatching	
wnk:wk006915	enclosing structural elements	skos:closeMatch	aat:300078050		semapv:UnspecifiedMatching	
wnk:wk006916	supporting and resisting elements	skos:closeMatch	aat:300078047		semapv:UnspecifiedMatching	
wnk:wk006917	culminating and edge ornaments for architectural	skos:closeMatch	aat:300070176		semapv:UnspecifiedMatching	
wnk:wk006919	people by family relationship	skos:exactMatch	aat:300154336		semapv:UnspecifiedMatching	
wnk:wk006921	wife	skos:exactMatch	aat:300154343		semapv:UnspecifiedMatching	
wnk:wk006922	people by age group	skos:closeMatch	aat:300154396		semapv:UnspecifiedMatching	
wnk:wk006923	people by degree of qualification	skos:closeMatch	aat:300025896		semapv:UnspecifiedMatching	
wnk:wk006924	people by activity	skos:exactMatch	aat:300025825		semapv:UnspecifiedMatching	
wnk:wk006925	people by ideology, philosophy, or political activity	skos:closeMatch	aat:300155841		semapv:UnspecifiedMatching	
wnk:wk006926	people by state or condition	skos:closeMatch	aat:300025912		semapv:UnspecifiedMatching	
wnk:wk006927	Ereignis im persönlichen Leben	skos:closeMatch	aat:300069671		semapv:UnspecifiedMatching	
wnk:wk006933	food mills, grinders and presses	skos:closeMatch	aat:300201096		semapv:UnspecifiedMatching	
wnk:wk006934	Baumwollfaser	skos:exactMatch	aat:300183670		semapv:UnspecifiedMatching	
wnk:wk006936	flax (fiber)	skos:closeMatch	aat:300014041		semapv:UnspecifiedMatching	
wnk:wk006940	Glasfaser	skos:exactMatch	aat:300183781		semapv:UnspecifiedMatching	
wnk:wk006943	Hanffaser	skos:exactMatch	aat:300014043		semapv:UnspecifiedMatching	
wnk:wk006945	culinary tool and equipment for mixing	skos:closeMatch	aat:300207774		semapv:UnspecifiedMatching	
wnk:wk006957	handaxe	skos:exactMatch	aat:300265136		semapv:UnspecifiedMatching	
wnk:wk006961	wood wool	skos:exactMatch	aat:300012781		semapv:UnspecifiedMatching	
wnk:wk006965	biological material	skos:closeMatch	aat:300265629		semapv:UnspecifiedMatching	
wnk:wk006967	bark (plant material)	skos:exactMatch	aat:300011860		semapv:UnspecifiedMatching	
wnk:wk006968	cork (bark)	skos:exactMatch	aat:300011862		semapv:UnspecifiedMatching	
wnk:wk006970	behavioral sciences	skos:exactMatch	aat:300196572		semapv:UnspecifiedMatching	
wnk:wk006972	psychologie	skos:exactMatch	aat:300054446		semapv:UnspecifiedMatching	
wnk:wk006973	social psychology	skos:exactMatch	aat:300054452		semapv:UnspecifiedMatching	
wnk:wk006982	cake	skos:exactMatch	aat:300255019		semapv:UnspecifiedMatching	
wnk:wk006984	animal material	skos:closeMatch	aat:300011793		semapv:UnspecifiedMatching	
wnk:wk006985	wool (hair material)	skos:exactMatch	aat:300014074		semapv:UnspecifiedMatching	
wnk:wk006987	straw (plant material)	skos:exactMatch	aat:300011908		semapv:UnspecifiedMatching	
wnk:wk006992	social groups	skos:closeMatch	aat:300162096		semapv:UnspecifiedMatching	
wnk:wk006993	francisca	skos:exactMatch	aat:300228716		semapv:UnspecifiedMatching	
wnk:wk006994	woodworking equipment	skos:closeMatch	aat:300163322		semapv:UnspecifiedMatching	
wnk:wk006997	textile working equipment	skos:exactMatch	aat:300163224		semapv:UnspecifiedMatching	
wnk:wk006998	metalworking equipment	skos:exactMatch	aat:300162819		semapv:UnspecifiedMatching	
wnk:wk007001	cutting tool	skos:exactMatch	aat:300163290		semapv:UnspecifiedMatching	
wnk:wk007002	photograph	skos:closeMatch	aat:300046300		semapv:UnspecifiedMatching	
wnk:wk007006	anniversary	skos:closeMatch	aat:300069026		semapv:UnspecifiedMatching	
wnk:wk007010	king (person)	skos:exactMatch	aat:300025481		semapv:UnspecifiedMatching	
wnk:wk007011	dagger (weapon)	skos:exactMatch	aat:300037058		semapv:UnspecifiedMatching	
wnk:wk007012	spear (weapon)	skos:exactMatch	aat:300037038		semapv:UnspecifiedMatching	
wnk:wk007013	angon	skos:exactMatch	aat:300036975		semapv:UnspecifiedMatching	
wnk:wk007014	file (tool)	skos:exactMatch	aat:300024809		semapv:UnspecifiedMatching	
wnk:wk007016	awl	skos:exactMatch	aat:300024663		semapv:UnspecifiedMatching	
wnk:wk007018	anvil (tool)	skos:closeMatch	aat:300023119		semapv:UnspecifiedMatching	
wnk:wk007019	adze	skos:exactMatch	aat:300023553		semapv:UnspecifiedMatching	
wnk:wk007020	hatchet	skos:closeMatch	aat:300023767		semapv:UnspecifiedMatching	
wnk:wk007021	axe (tool)	skos:exactMatch	aat:300024664		semapv:UnspecifiedMatching	
wnk:wk007023	drill (tool)	skos:exactMatch	aat:300024679		semapv:UnspecifiedMatching	
wnk:wk007025	Hohlbeitel	skos:exactMatch	aat:300023756		semapv:UnspecifiedMatching	
wnk:wk007027	bridle	skos:exactMatch	aat:300248092		semapv:UnspecifiedMatching	
wnk:wk007031	anchor (watercraft equipment)	skos:exactMatch	aat:300219429		semapv:UnspecifiedMatching	
wnk:wk007035	Political Concept (hierarchy name)	skos:closeMatch	aat:300055490		semapv:UnspecifiedMatching	
wnk:wk007040	size/dimension units: duration	skos:closeMatch	aat:300379250		semapv:UnspecifiedMatching	
wnk:wk007042	parade	skos:exactMatch	aat:300069283		semapv:UnspecifiedMatching	
wnk:wk007043	slaughtering	skos:exactMatch	aat:300379168		semapv:UnspecifiedMatching	
wnk:wk007045	ball (object genre )	skos:exactMatch	aat:300217875		semapv:UnspecifiedMatching	
wnk:wk007046	cultural anthropology	skos:exactMatch	aat:300137966		semapv:UnspecifiedMatching	
wnk:wk007052	entertainment event	skos:closeMatch	aat:300069451		semapv:UnspecifiedMatching	
wnk:wk007054	social recognition	skos:closeMatch	aat:300225689		semapv:UnspecifiedMatching	
wnk:wk007058	biological sciences	skos:exactMatch	aat:300054464		semapv:UnspecifiedMatching	
wnk:wk007070	building construction (process)	skos:broadMatch	aat:300054608		semapv:UnspecifiedMatching	
wnk:wk007079	culture and related concept (hierarchy name)	skos:exactMatch	aat:300073689		semapv:UnspecifiedMatching	
wnk:wk007080	worn costume accessory	skos:closeMatch	aat:300209274		semapv:UnspecifiedMatching	
wnk:wk007081	accessories worn on the head	skos:closeMatch	aat:300211601		semapv:UnspecifiedMatching	
wnk:wk007082	Druck, Druckprozess und Druckverfahren	skos:exactMatch	aat:300185289		semapv:UnspecifiedMatching	
wnk:wk007085	public health	skos:exactMatch	aat:300054515		semapv:UnspecifiedMatching	
wnk:wk007094	insulation by function	skos:closeMatch	aat:300192869		semapv:UnspecifiedMatching	
wnk:wk007095	thermal insulation	skos:relatedMatch	aat:300014878		semapv:UnspecifiedMatching	
wnk:wk007096	soundproofing	skos:exactMatch	aat:300053697		semapv:UnspecifiedMatching	
wnk:wk007097	plastic (organic material)	skos:closeMatch	aat:300014570		semapv:UnspecifiedMatching	
wnk:wk007098	plastic by property	skos:closeMatch	aat:300167623		semapv:UnspecifiedMatching	
wnk:wk007099	thermoplastic	skos:exactMatch	aat:300014415		semapv:UnspecifiedMatching	
wnk:wk007100	polystyrene	skos:exactMatch	aat:300014492		semapv:UnspecifiedMatching	
wnk:wk007101	furniture by location or context	skos:exactMatch	aat:300040132		semapv:UnspecifiedMatching	
wnk:wk007107	people by gender or sex	skos:exactMatch	aat:300157227		semapv:UnspecifiedMatching	
wnk:wk007108	woman	skos:exactMatch	aat:300025943		semapv:UnspecifiedMatching	
wnk:wk007109	medicine	skos:exactMatch	aat:300054518		semapv:UnspecifiedMatching	
wnk:wk007110	lamp by location or context	skos:closeMatch	aat:300037641		semapv:UnspecifiedMatching	
wnk:wk007113	street lighting luminaire	skos:exactMatch	aat:300209428		semapv:UnspecifiedMatching	
wnk:wk007114	lamp by function	skos:closeMatch	aat:300037615		semapv:UnspecifiedMatching	
wnk:wk007117	horreum	skos:exactMatch	aat:300120504		semapv:UnspecifiedMatching	
wnk:wk007119	mansio	skos:exactMatch	aat:300120555		semapv:UnspecifiedMatching	
wnk:wk007130	villa urbana	skos:exactMatch	aat:300005520		semapv:UnspecifiedMatching	
wnk:wk007146	forum (open space)	skos:exactMatch	aat:300008085		semapv:UnspecifiedMatching	
wnk:wk007197	vibrating screen	skos:exactMatch	aat:300023114		semapv:UnspecifiedMatching	
wnk:wk007197	vibrating screen	skos:exactMatch	aat:300201095		semapv:UnspecifiedMatching	
wnk:wk007214	siren (sound device)	skos:exactMatch	aat:300207459		semapv:UnspecifiedMatching	
wnk:wk007228	fire extinguisher	skos:exactMatch	aat:300024797		semapv:UnspecifiedMatching	
wnk:wk007242	cachepot	skos:exactMatch	aat:300197605		semapv:UnspecifiedMatching	
wnk:wk007243	bonbon dishes	skos:exactMatch	aat:300198445		semapv:UnspecifiedMatching	
wnk:wk007247	cauldron	skos:closeMatch	aat:300196395		semapv:UnspecifiedMatching	
wnk:wk007249	coal hod	skos:closeMatch	aat:300196440		semapv:UnspecifiedMatching	
wnk:wk007264	drawer (furniture)	skos:closeMatch	aat:300040558		semapv:UnspecifiedMatching	
wnk:wk007268	toolbox	skos:exactMatch	aat:300198835		semapv:UnspecifiedMatching	
wnk:wk007273	dough trough	skos:exactMatch	aat:300199729		semapv:UnspecifiedMatching	
wnk:wk007276	crucible	skos:closeMatch	aat:300196462		semapv:UnspecifiedMatching	
wnk:wk007309	vat (container)	skos:closeMatch	aat:300194541		semapv:UnspecifiedMatching	
wnk:wk007324	soap dish	skos:closeMatch	aat:300215617		semapv:UnspecifiedMatching	
wnk:wk007330	box	skos:closeMatch	aat:300045643		semapv:UnspecifiedMatching	
wnk:wk007354	hatbox	skos:closeMatch	aat:300198927		semapv:UnspecifiedMatching	
wnk:wk007380	champagne cooler	skos:closeMatch	aat:300040023		semapv:UnspecifiedMatching	
wnk:wk007381	flower vase	skos:exactMatch	aat:300311561		semapv:UnspecifiedMatching	
wnk:wk007383	sewing box	skos:exactMatch	aat:300198833		semapv:UnspecifiedMatching	
wnk:wk007403	cigar box	skos:exactMatch	aat:300221187		semapv:UnspecifiedMatching	
wnk:wk007414	Krautfass	skos:relatedMatch	aat:300260798		semapv:UnspecifiedMatching	
wnk:wk007421	Abfalltonne	skos:exactMatch	aat:300197614		semapv:UnspecifiedMatching	
wnk:wk007430	watering can	skos:exactMatch	aat:300197360		semapv:UnspecifiedMatching	
wnk:wk007436	thermal jug	skos:broadMatch	aat:300400477		semapv:UnspecifiedMatching	
wnk:wk007440	bowl (deeper vessel)	skos:broadMatch	aat:300203596		semapv:UnspecifiedMatching	
wnk:wk007441	mixing bowl	skos:closeMatch	aat:300196694		semapv:UnspecifiedMatching	
wnk:wk007444	letterbox	skos:closeMatch	aat:300003853		semapv:UnspecifiedMatching	
wnk:wk007445	back basket	skos:broadMatch	aat:300194928		semapv:UnspecifiedMatching	
wnk:wk007446	money box	skos:exactMatch	aat:300227047		semapv:UnspecifiedMatching	
wnk:wk007450	washbowl	skos:exactMatch	aat:300220999		semapv:UnspecifiedMatching	
wnk:wk007463	bread basket (container for food service)	skos:exactMatch	aat:300197595		semapv:UnspecifiedMatching	
wnk:wk007487	foundry ladle	skos:closeMatch	aat:300435526		semapv:UnspecifiedMatching	
wnk:wk007489	laundry basket	skos:closeMatch	aat:300194897		semapv:UnspecifiedMatching	
wnk:wk007493	medicine bottle	skos:exactMatch	aat:300220810		semapv:UnspecifiedMatching	
wnk:wk007498	canteen	skos:exactMatch	aat:300221010		semapv:UnspecifiedMatching	
wnk:wk007502	demijohn	skos:narrowMatch	aat:300197269		semapv:UnspecifiedMatching	
wnk:wk007502	demijohn	skos:narrowMatch	aat:300198828		semapv:UnspecifiedMatching	
wnk:wk007510	carafe	skos:exactMatch	aat:300198495		semapv:UnspecifiedMatching	
wnk:wk007521	flypaper	skos:closeMatch	aat:300395623		semapv:UnspecifiedMatching	
wnk:wk007524	mortar (grinding tool)	skos:exactMatch	aat:300024724		semapv:UnspecifiedMatching	
wnk:wk007525	eyeglass case	skos:exactMatch	aat:300225933		semapv:UnspecifiedMatching	
wnk:wk007550	ashtray	skos:exactMatch	aat:300198897		semapv:UnspecifiedMatching	
wnk:wk007554	butter dish	skos:exactMatch	aat:300042976		semapv:UnspecifiedMatching	
wnk:wk007578	lunchbox	skos:exactMatch	aat:300199751		semapv:UnspecifiedMatching	
wnk:wk007588	tin can (sealed container)	skos:closeMatch	aat:300045657		semapv:UnspecifiedMatching	
wnk:wk007595	soap box	skos:closeMatch	aat:300220755		semapv:UnspecifiedMatching	
wnk:wk007597	matchbox	skos:exactMatch	aat:300217323		semapv:UnspecifiedMatching	
wnk:wk007598	tobacco box	skos:exactMatch	aat:300198954		semapv:UnspecifiedMatching	
wnk:wk007600	tea caddy	skos:narrowMatch	aat:300135329		semapv:UnspecifiedMatching	
wnk:wk007602	food storage box	skos:closeMatch	aat:300195322		semapv:UnspecifiedMatching	
wnk:wk007604	cigarette case	skos:closeMatch	aat:300221190		semapv:UnspecifiedMatching	
wnk:wk007607	litter bin	skos:broadMatch	aat:300197614		semapv:UnspecifiedMatching	
wnk:wk007629	tub (container)	skos:closeMatch	aat:300195311		semapv:UnspecifiedMatching	
wnk:wk007630	bathtub	skos:exactMatch	aat:300052625		semapv:UnspecifiedMatching	
wnk:wk007641	suitcase	skos:closeMatch	aat:300046224		semapv:UnspecifiedMatching	
wnk:wk007642	film container	skos:exactMatch	aat:300425421		semapv:UnspecifiedMatching	
wnk:wk007643	shoe (footwear)	skos:closeMatch	aat:300046065		semapv:UnspecifiedMatching	
wnk:wk007653	clog (footwear)	skos:exactMatch	aat:300046066		semapv:UnspecifiedMatching	
wnk:wk007653	clog (footwear)	skos:exactMatch	aat:300210045		semapv:UnspecifiedMatching	
wnk:wk007659	sandal	skos:exactMatch	aat:300046077		semapv:UnspecifiedMatching	
wnk:wk007670	espadrilles	skos:exactMatch	aat:300046068		semapv:UnspecifiedMatching	
wnk:wk007677	Pumps	skos:exactMatch	aat:300210043		semapv:UnspecifiedMatching	
wnk:wk007693	boot (footwear)	skos:exactMatch	aat:300046057		semapv:UnspecifiedMatching	
wnk:wk007699	sock	skos:exactMatch	aat:300046087		semapv:UnspecifiedMatching	
wnk:wk007710	hairband	skos:closeMatch	aat:300210858		semapv:UnspecifiedMatching	
wnk:wk007712	hairnet	skos:exactMatch	aat:300210861		semapv:UnspecifiedMatching	
wnk:wk007714	hairpiece	skos:exactMatch	aat:300046047		semapv:UnspecifiedMatching	
wnk:wk007730	muff	skos:exactMatch	aat:300210014		semapv:UnspecifiedMatching	
wnk:wk007732	belt (costume accessory)	skos:closeMatch	aat:300210002		semapv:UnspecifiedMatching	
wnk:wk007733	strap (fastener)	skos:closeMatch	aat:300049015		semapv:UnspecifiedMatching	
wnk:wk007746	necktie	skos:exactMatch	aat:300210068		semapv:UnspecifiedMatching	
wnk:wk007748	bow tie	skos:exactMatch	aat:300210057		semapv:UnspecifiedMatching	
wnk:wk007758	paisley	skos:exactMatch	aat:300261181		semapv:UnspecifiedMatching	
wnk:wk007759	boa (neckpiece)	skos:exactMatch	aat:300215870		semapv:UnspecifiedMatching	
wnk:wk007760	main garment	skos:exactMatch	aat:300209263		semapv:UnspecifiedMatching	
wnk:wk007765	trousers	skos:exactMatch	aat:300209935		semapv:UnspecifiedMatching	
wnk:wk007772	jogging pants	skos:exactMatch	aat:300245257		semapv:UnspecifiedMatching	
wnk:wk007777	legging	skos:closeMatch	aat:300046173		semapv:UnspecifiedMatching	
wnk:wk007783	jeans	skos:exactMatch	aat:300209918		semapv:UnspecifiedMatching	
wnk:wk007793	bell-bottoms	skos:exactMatch	aat:300262720		semapv:UnspecifiedMatching	
wnk:wk007802	blazer	skos:exactMatch	aat:300209872		semapv:UnspecifiedMatching	
wnk:wk007818	cardigan	skos:closeMatch	aat:300209880		semapv:UnspecifiedMatching	
wnk:wk007824	vests (garments)	skos:exactMatch	aat:300209904		semapv:UnspecifiedMatching	
wnk:wk007831	blouse (main garment)	skos:exactMatch	aat:300046133		semapv:UnspecifiedMatching	
wnk:wk007833	polo shirt	skos:exactMatch	aat:300209896		semapv:UnspecifiedMatching	
wnk:wk007859	t-shirt (main garment)	skos:exactMatch	aat:300209903		semapv:UnspecifiedMatching	
wnk:wk007867	Reformkleid	skos:broadMatch	aat:300411761		semapv:UnspecifiedMatching	
wnk:wk007872	cocktail dress	skos:exactMatch	aat:300046160		semapv:UnspecifiedMatching	
wnk:wk007886	sheath dress	skos:exactMatch	aat:300211788		semapv:UnspecifiedMatching	
wnk:wk007897	shirtwaist dress	skos:closeMatch	aat:300375055		semapv:UnspecifiedMatching	
wnk:wk007905	Trägerkleid	skos:exactMatch	aat:300046164		semapv:UnspecifiedMatching	
wnk:wk007910	christening gown	skos:exactMatch	aat:300265752		semapv:UnspecifiedMatching	
wnk:wk007913	underdress	skos:exactMatch	aat:300210572		semapv:UnspecifiedMatching	
wnk:wk007917	apron	skos:exactMatch	aat:300046131		semapv:UnspecifiedMatching	
wnk:wk007927	Latzschürze	skos:closeMatch	aat:300046186		semapv:UnspecifiedMatching	
wnk:wk007932	one-piece swimsuit	skos:broadMatch	aat:300129420		semapv:UnspecifiedMatching	
wnk:wk007955	pantsuit	skos:exactMatch	aat:300046183		semapv:UnspecifiedMatching	
wnk:wk007979	cape (outerwear)	skos:exactMatch	aat:300046140		semapv:UnspecifiedMatching	
wnk:wk007984	cloak	skos:exactMatch	aat:300046142		semapv:UnspecifiedMatching	
wnk:wk007987	pullover	skos:exactMatch	aat:300209897		semapv:UnspecifiedMatching	
wnk:wk007988	sweat shirt	skos:exactMatch	aat:300209901		semapv:UnspecifiedMatching	
wnk:wk008001	cummerbund	skos:exactMatch	aat:300210005		semapv:UnspecifiedMatching	
wnk:wk008034	corselet	skos:exactMatch	aat:300210545		semapv:UnspecifiedMatching	
wnk:wk008047	corset	skos:exactMatch	aat:300210582		semapv:UnspecifiedMatching	
wnk:wk008052	brassiere	skos:exactMatch	aat:300210538		semapv:UnspecifiedMatching	
wnk:wk008054	bustier	skos:exactMatch	aat:300224940		semapv:UnspecifiedMatching	
wnk:wk008060	bodice	skos:exactMatch	aat:300209874		semapv:UnspecifiedMatching	
wnk:wk008066	petticoat (underskirts)	skos:exactMatch	aat:300209927		semapv:UnspecifiedMatching	
wnk:wk008067	undershirt	skos:exactMatch	aat:300210573		semapv:UnspecifiedMatching	
wnk:wk008073	Unterhose	skos:exactMatch	aat:300220740		semapv:UnspecifiedMatching	
wnk:wk008076	panty girdle	skos:closeMatch	aat:300214366		semapv:UnspecifiedMatching	
wnk:wk008077	brief	skos:closeMatch	aat:300210539		semapv:UnspecifiedMatching	
wnk:wk008078	G-string	skos:closeMatch	aat:300224935		semapv:UnspecifiedMatching	
wnk:wk008090	bathrobe	skos:closeMatch	aat:300209945		semapv:UnspecifiedMatching	
wnk:wk008146	bolero	skos:exactMatch	aat:300209876		semapv:UnspecifiedMatching	
wnk:wk008152	ensemble (costume)	skos:exactMatch	aat:300209844		semapv:UnspecifiedMatching	
wnk:wk008170	coverall	skos:exactMatch	aat:300046157		semapv:UnspecifiedMatching	
wnk:wk008174	ribbon (material)	skos:closeMatch	aat:300014668		semapv:UnspecifiedMatching	
wnk:wk008175	doily	skos:closeMatch	aat:300204931		semapv:UnspecifiedMatching	
wnk:wk008193	illustration (layout feature)	skos:closeMatch	aat:300015578		semapv:UnspecifiedMatching	
wnk:wk008194	picture (object genre )	skos:closeMatch	aat:300264388		semapv:UnspecifiedMatching	
wnk:wk008200	illustrated book	skos:exactMatch	aat:300311820		semapv:UnspecifiedMatching	
wnk:wk008201	gouache (technique)	skos:exactMatch	aat:300404215		semapv:UnspecifiedMatching	
wnk:wk008202	plates (illustrations)	skos:closeMatch	aat:300189216		semapv:UnspecifiedMatching	
wnk:wk008204	leaflet (printed work)	skos:exactMatch	aat:300211825		semapv:UnspecifiedMatching	
wnk:wk008205	folded book	skos:exactMatch	aat:300200572		semapv:UnspecifiedMatching	
wnk:wk008207	advertising graphic	skos:broadMatch	aat:300056475		semapv:UnspecifiedMatching	
wnk:wk008216	relief (sculpture)	skos:exactMatch	aat:300047230		semapv:UnspecifiedMatching	
wnk:wk008217	print (visual work)	skos:exactMatch	aat:300041273		semapv:UnspecifiedMatching	
wnk:wk008221	linocuts (prints)	skos:exactMatch	aat:300041393		semapv:UnspecifiedMatching	
wnk:wk008222	color print (print)	skos:exactMatch	aat:300041504		semapv:UnspecifiedMatching	
wnk:wk008224	collotype (process)	skos:exactMatch	aat:300053204		semapv:UnspecifiedMatching	
wnk:wk008226	wood engraving (print)	skos:exactMatch	aat:300041402		semapv:UnspecifiedMatching	
wnk:wk008228	sketch (visual work)	skos:exactMatch	aat:300015617		semapv:UnspecifiedMatching	
wnk:wk008236	photography (discipline)	skos:closeMatch	aat:300054225		semapv:UnspecifiedMatching	
wnk:wk008237	photographic postcard	skos:exactMatch	aat:300192703		semapv:UnspecifiedMatching	
wnk:wk008240	photocollages (photographic composition)	skos:exactMatch	aat:300181912		semapv:UnspecifiedMatching	
wnk:wk008245	photograph album	skos:exactMatch	aat:300026695		semapv:UnspecifiedMatching	
wnk:wk008249	photographic print	skos:exactMatch	aat:300127104		semapv:UnspecifiedMatching	
wnk:wk008250	dye transfer process	skos:exactMatch	aat:300053471		semapv:UnspecifiedMatching	
wnk:wk008253	chromogenic color prints	skos:exactMatch	aat:300236285		semapv:UnspecifiedMatching	
wnk:wk008255	autochrome process	skos:closeMatch	aat:300053470		semapv:UnspecifiedMatching	
wnk:wk008259	baryta paper	skos:exactMatch	aat:300127335		semapv:UnspecifiedMatching	
wnk:wk008263	Carte-de-visite (card photograph)	skos:exactMatch	aat:300127141		semapv:UnspecifiedMatching	
wnk:wk008264	cyanotype (photographic print)	skos:exactMatch	aat:300134811		semapv:UnspecifiedMatching	
wnk:wk008269	diffusion transfer print	skos:exactMatch	aat:300134877		semapv:UnspecifiedMatching	
wnk:wk008270	reprint	skos:exactMatch	aat:300101820		semapv:UnspecifiedMatching	
wnk:wk008274	vintage print	skos:exactMatch	aat:300136578		semapv:UnspecifiedMatching	
wnk:wk008275	negative (photography)	skos:closeMatch	aat:300127173		semapv:UnspecifiedMatching	
wnk:wk008277	Farbnegativ	skos:exactMatch	aat:300128357		semapv:UnspecifiedMatching	
wnk:wk008278	black-and-white negatives	skos:exactMatch	aat:300128343		semapv:UnspecifiedMatching	
wnk:wk008281	calotype (negative)	skos:exactMatch	aat:300127190		semapv:UnspecifiedMatching	
wnk:wk008284	dry plate	skos:exactMatch	aat:300423835		semapv:UnspecifiedMatching	
wnk:wk008285	wet plate	skos:relatedMatch	aat:300134674		semapv:UnspecifiedMatching	
wnk:wk008289	photographic transparency	skos:exactMatch	aat:300244116		semapv:UnspecifiedMatching	
wnk:wk008290	Farbdia	skos:exactMatch	aat:300128366		semapv:UnspecifiedMatching	
wnk:wk008291	reversal film	skos:closeMatch	aat:300131093		semapv:UnspecifiedMatching	
wnk:wk008296	lantern slide	skos:exactMatch	aat:300134977		semapv:UnspecifiedMatching	
wnk:wk008299	radiograph	skos:exactMatch	aat:300134722		semapv:UnspecifiedMatching	
wnk:wk008302	transportation	skos:exactMatch	aat:300055244		semapv:UnspecifiedMatching	
wnk:wk008304	Transportation and Related Concept (hierarchy name)	skos:exactMatch	aat:300066016		semapv:UnspecifiedMatching	
wnk:wk008305	set (group)	skos:closeMatch	aat:300133146		semapv:UnspecifiedMatching	
wnk:wk008307	social structure	skos:closeMatch	aat:300055473		semapv:UnspecifiedMatching	
wnk:wk008323	view (visual work)	skos:exactMatch	aat:300015424		semapv:UnspecifiedMatching	
wnk:wk008324	views by vantage point or orientation	skos:exactMatch	aat:300015491		semapv:UnspecifiedMatching	
wnk:wk008334	bird	skos:closeMatch	aat:300266506		semapv:UnspecifiedMatching	
wnk:wk008335	Strigiformes (order)	skos:closeMatch	aat:300310290		semapv:UnspecifiedMatching	
wnk:wk008339	graphic document genre	skos:exactMatch	aat:300163674		semapv:UnspecifiedMatching	
wnk:wk008340	cartographic material	skos:exactMatch	aat:300028052		semapv:UnspecifiedMatching	
wnk:wk008341	legal records	skos:closeMatch	aat:300027590		semapv:UnspecifiedMatching	
wnk:wk008344	rotary hand quern	skos:exactMatch	aat:300200181		semapv:UnspecifiedMatching	
wnk:wk008350	elevator (mill)	skos:closeMatch	aat:300051186		semapv:UnspecifiedMatching	
wnk:wk008352	Reinigung (Verfahren)	skos:exactMatch	aat:300053027		semapv:UnspecifiedMatching	
wnk:wk008367	funnel	skos:closeMatch	aat:300200490		semapv:UnspecifiedMatching	
wnk:wk008376	mixer (machinery)	skos:exactMatch	aat:300023063		semapv:UnspecifiedMatching	
wnk:wk008393	armed forces	skos:closeMatch	aat:300137540		semapv:UnspecifiedMatching	
wnk:wk008396	café (restaurant)	skos:exactMatch	aat:300005176		semapv:UnspecifiedMatching	
wnk:wk008401	grammar school	skos:closeMatch	aat:300343452		semapv:UnspecifiedMatching	
wnk:wk008402	heating plant	skos:closeMatch	aat:300051479		semapv:UnspecifiedMatching	
wnk:wk008411	ministry (government)	skos:closeMatch	aat:300006004		semapv:UnspecifiedMatching	
wnk:wk008416	sports	skos:closeMatch	aat:300222725		semapv:UnspecifiedMatching	
wnk:wk008417	train ferry	skos:exactMatch	aat:300417355		semapv:UnspecifiedMatching	
wnk:wk008423	panel painting (visual work)	skos:exactMatch	aat:300033656		semapv:UnspecifiedMatching	
wnk:wk008424	votive tablet	skos:broadMatch	aat:300178243		semapv:UnspecifiedMatching	
wnk:wk008432	repairing	skos:exactMatch	aat:300053737		semapv:UnspecifiedMatching	
wnk:wk008433	conservation (process)	skos:closeMatch	aat:300404519		semapv:UnspecifiedMatching	
wnk:wk008436	damp course	skos:exactMatch	aat:300002632		semapv:UnspecifiedMatching	
wnk:wk008440	dry	skos:exactMatch	aat:300195439		semapv:UnspecifiedMatching	
wnk:wk008441	aqueous	skos:closeMatch	aat:300221165		semapv:UnspecifiedMatching	
wnk:wk008449	Beschichtung	skos:closeMatch	aat:300053772		semapv:UnspecifiedMatching	
wnk:wk008450	Anstrich	skos:exactMatch	aat:300161986		semapv:UnspecifiedMatching	
wnk:wk008451	glaze	skos:exactMatch	aat:300015091		semapv:UnspecifiedMatching	
wnk:wk008455	antenna	skos:exactMatch	aat:300253498		semapv:UnspecifiedMatching	
wnk:wk008456	fire prevention	skos:exactMatch	aat:300055277		semapv:UnspecifiedMatching	
wnk:wk008458	adaptive reuse	skos:closeMatch	aat:300056392		semapv:UnspecifiedMatching	
wnk:wk008466	coupled window	skos:exactMatch	aat:300069381		semapv:UnspecifiedMatching	
wnk:wk008469	corrosion (condition changing process)	skos:exactMatch	aat:300054107		semapv:UnspecifiedMatching	
wnk:wk008470	cracking	skos:exactMatch	aat:300054124		semapv:UnspecifiedMatching	
wnk:wk008480	thermoset	skos:exactMatch	aat:300014515		semapv:UnspecifiedMatching	
wnk:wk008482	Wachs	skos:exactMatch	aat:300014585		semapv:UnspecifiedMatching	
wnk:wk008483	casein	skos:exactMatch	aat:300011799		semapv:UnspecifiedMatching	
wnk:wk008484	synthetic	skos:closeMatch	aat:300218678		semapv:UnspecifiedMatching	
wnk:wk008485	Kalkmörtel	skos:exactMatch	aat:300014748		semapv:UnspecifiedMatching	
wnk:wk008489	linseed oil	skos:closeMatch	aat:300014292		semapv:UnspecifiedMatching	
wnk:wk008499	copper (metal)	skos:exactMatch	aat:300011020		semapv:UnspecifiedMatching	
wnk:wk008504	Function (hierarchy name)	skos:closeMatch	aat:300054593		semapv:UnspecifiedMatching	
wnk:wk008520	ashpit	skos:exactMatch	aat:300003972		semapv:UnspecifiedMatching	
wnk:wk008526	moving and transporting equipment	skos:closeMatch	aat:300024783		semapv:UnspecifiedMatching	
wnk:wk008528	gaiter	skos:exactMatch	aat:300210027		semapv:UnspecifiedMatching	
wnk:wk008536	venetian blind	skos:closeMatch	aat:300204075		semapv:UnspecifiedMatching	
wnk:wk008564	speech	skos:relatedMatch	aat:300026671		semapv:UnspecifiedMatching	
wnk:wk008583	accessory by location on the legs or feet	skos:closeMatch	aat:300211599		semapv:UnspecifiedMatching	
wnk:wk008584	footwear	skos:exactMatch	aat:300209280		semapv:UnspecifiedMatching	
wnk:wk008596	man	skos:exactMatch	aat:300025928		semapv:UnspecifiedMatching	
wnk:wk008597	husband	skos:exactMatch	aat:300154341		semapv:UnspecifiedMatching	
wnk:wk008598	power producing equipment	skos:exactMatch	aat:300024600		semapv:UnspecifiedMatching	
wnk:wk008599	views by scope	skos:exactMatch	aat:300015513		semapv:UnspecifiedMatching	
wnk:wk008600	tripod skillet	skos:broadMatch	aat:300042990		semapv:UnspecifiedMatching	
wnk:wk008603	chatelaine	skos:exactMatch	aat:300209297		semapv:UnspecifiedMatching	
wnk:wk008606	Gussform	skos:closeMatch	aat:300422800		semapv:UnspecifiedMatching	
wnk:wk008608	hairpin	skos:exactMatch	aat:300046042		semapv:UnspecifiedMatching	
wnk:wk008609	hoe (agricultural tool)	skos:exactMatch	aat:300024329		semapv:UnspecifiedMatching	
wnk:wk008610	hooks (fasteners)	skos:exactMatch	aat:300033537		semapv:UnspecifiedMatching	
wnk:wk008612	Halsring	skos:narrowMatch	aat:300263462		semapv:UnspecifiedMatching	
wnk:wk008614	hammers (tools)	skos:exactMatch	aat:300024823		semapv:UnspecifiedMatching	
wnk:wk008615	hand grenade	skos:exactMatch	aat:300221681		semapv:UnspecifiedMatching	
wnk:wk008616	harpoon	skos:closeMatch	aat:300037011		semapv:UnspecifiedMatching	
wnk:wk008619	plane (tool)	skos:exactMatch	aat:300023801		semapv:UnspecifiedMatching	
wnk:wk008620	horseshoe (animal equipment)	skos:exactMatch	aat:300024400		semapv:UnspecifiedMatching	
wnk:wk008624	candelabra	skos:narrowMatch	aat:300037584		semapv:UnspecifiedMatching	
wnk:wk008625	saucepan	skos:closeMatch	aat:300042987		semapv:UnspecifiedMatching	
wnk:wk008626	lithic core	skos:closeMatch	aat:300265134		semapv:UnspecifiedMatching	
wnk:wk008628	ladle	skos:exactMatch	aat:300200095		semapv:UnspecifiedMatching	
wnk:wk008630	chain (object genre )	skos:exactMatch	aat:300014625		semapv:UnspecifiedMatching	
wnk:wk008631	club (weapon)	skos:exactMatch	aat:300037206		semapv:UnspecifiedMatching	
wnk:wk008634	cannonball	skos:exactMatch	aat:300201708		semapv:UnspecifiedMatching	
wnk:wk008636	clamp	skos:exactMatch	aat:300024736		semapv:UnspecifiedMatching	
wnk:wk008637	blade (tool and equipment component)	skos:exactMatch	aat:300024917		semapv:UnspecifiedMatching	
wnk:wk008638	clinker brick	skos:exactMatch	aat:300010599		semapv:UnspecifiedMatching	
wnk:wk008640	Krug (Gefäß)	skos:exactMatch	aat:300194765		semapv:UnspecifiedMatching	
wnk:wk008642	lance (weapon)	skos:narrowMatch	aat:300037029		semapv:UnspecifiedMatching	
wnk:wk008648	mast (watercraft component)	skos:broadMatch	aat:300000951		semapv:UnspecifiedMatching	
wnk:wk008649	locket	skos:closeMatch	aat:300046004		semapv:UnspecifiedMatching	
wnk:wk008650	medallion (ornament area)	skos:exactMatch	aat:300077354		semapv:UnspecifiedMatching	
wnk:wk008651	chisel	skos:exactMatch	aat:300024665		semapv:UnspecifiedMatching	
wnk:wk008652	microlith (tool)	skos:exactMatch	aat:300393267		semapv:UnspecifiedMatching	
wnk:wk008657	tessera (mosaic components)	skos:exactMatch	aat:300010730		semapv:UnspecifiedMatching	
wnk:wk008658	marble (game piece)	skos:exactMatch	aat:300211125		semapv:UnspecifiedMatching	
wnk:wk008659	chamber pot	skos:closeMatch	aat:300198893		semapv:UnspecifiedMatching	
wnk:wk008660	Nackenschutz (Helmbestandteil)	skos:closeMatch	aat:300429479		semapv:UnspecifiedMatching	
wnk:wk008663	nail (fastener)	skos:exactMatch	aat:300033565		semapv:UnspecifiedMatching	
wnk:wk008666	cup (shallow vessel)	skos:narrowMatch	aat:300042964		semapv:UnspecifiedMatching	
wnk:wk008672	earring (jewelry)	skos:exactMatch	aat:300045998		semapv:UnspecifiedMatching	
wnk:wk008673	oil lamp	skos:exactMatch	aat:300037630		semapv:UnspecifiedMatching	
wnk:wk008674	chape (weapon component)	skos:closeMatch	aat:300390955		semapv:UnspecifiedMatching	
wnk:wk008675	eyelet (object component)	skos:exactMatch	aat:300239342		semapv:UnspecifiedMatching	
wnk:wk008678	pearl (animal material)	skos:exactMatch	aat:300011827		semapv:UnspecifiedMatching	
wnk:wk008679	frying pan (cookware)	skos:exactMatch	aat:300042984		semapv:UnspecifiedMatching	
wnk:wk008680	pipe (smoking equipment)	skos:closeMatch	aat:300248067		semapv:UnspecifiedMatching	
wnk:wk008681	arrow	skos:exactMatch	aat:300036976		semapv:UnspecifiedMatching	
wnk:wk008683	arrowhead	skos:closeMatch	aat:300024861		semapv:UnspecifiedMatching	
wnk:wk008686	pilgrim bottle	skos:exactMatch	aat:300198563		semapv:UnspecifiedMatching	
wnk:wk008688	pilum	skos:exactMatch	aat:300213510		semapv:UnspecifiedMatching	
wnk:wk008691	touchstone	skos:exactMatch	aat:300011149		semapv:UnspecifiedMatching	
wnk:wk008692	punch (marking tool)	skos:exactMatch	aat:300024790		semapv:UnspecifiedMatching	
wnk:wk008693	plaster	skos:exactMatch	aat:300014922		semapv:UnspecifiedMatching	
wnk:wk008694	wheel (object component)	skos:closeMatch	aat:300024976		semapv:UnspecifiedMatching	
wnk:wk008697	rattle	skos:exactMatch	aat:300041933		semapv:UnspecifiedMatching	
wnk:wk008704	strap-end	skos:closeMatch	aat:300262745		semapv:UnspecifiedMatching	
wnk:wk008705	distaff	skos:exactMatch	aat:300263795		semapv:UnspecifiedMatching	
wnk:wk008707	oar	skos:exactMatch	aat:300213077		semapv:UnspecifiedMatching	
wnk:wk008709	saw	skos:closeMatch	aat:300024671		semapv:UnspecifiedMatching	
wnk:wk008711	seax	skos:closeMatch	aat:300400650		semapv:UnspecifiedMatching	
wnk:wk008712	scraper (finishing tool)	skos:closeMatch	aat:300024836		semapv:UnspecifiedMatching	
wnk:wk008714	shovel	skos:exactMatch	aat:300024300		semapv:UnspecifiedMatching	
wnk:wk008717	enarmes	skos:exactMatch	aat:300222456		semapv:UnspecifiedMatching	
wnk:wk008718	umbo	skos:closeMatch	aat:300222460		semapv:UnspecifiedMatching	
wnk:wk008720	grindstone	skos:closeMatch	aat:300024720		semapv:UnspecifiedMatching	
wnk:wk008722	buckle (strap accessory)	skos:exactMatch	aat:300239260		semapv:UnspecifiedMatching	
wnk:wk008723	writing instrument	skos:exactMatch	aat:300168224		semapv:UnspecifiedMatching	
wnk:wk008725	poker	skos:exactMatch	aat:300298928		semapv:UnspecifiedMatching	
wnk:wk008726	key (hardware)	skos:exactMatch	aat:300033579		semapv:UnspecifiedMatching	
wnk:wk008728	sword	skos:exactMatch	aat:300037048		semapv:UnspecifiedMatching	
wnk:wk008735	scalpel	skos:closeMatch	aat:300262233		semapv:UnspecifiedMatching	
wnk:wk008736	skeleton (animal component)	skos:exactMatch	aat:300191778		semapv:UnspecifiedMatching	
wnk:wk008737	putty knife (tool for plaster, concrete and mortar working)	skos:exactMatch	aat:300024836		semapv:UnspecifiedMatching	
wnk:wk008738	Spange (Befestigungselement)	skos:exactMatch	aat:300239507		semapv:UnspecifiedMatching	
wnk:wk008742	Speerschleuder	skos:exactMatch	aat:300228423		semapv:UnspecifiedMatching	
wnk:wk008743	spearhead	skos:exactMatch	aat:300037118		semapv:UnspecifiedMatching	
wnk:wk008744	mirror	skos:exactMatch	aat:300037682		semapv:UnspecifiedMatching	
wnk:wk008745	game piece (game element)	skos:exactMatch	aat:300211101		semapv:UnspecifiedMatching	
wnk:wk008746	pike (weapon)	skos:exactMatch	aat:300037033		semapv:UnspecifiedMatching	
wnk:wk008750	spur (costume accessory)	skos:exactMatch	aat:300036923		semapv:UnspecifiedMatching	
wnk:wk008753	stamp (tools)	skos:exactMatch	aat:300024819		semapv:UnspecifiedMatching	
wnk:wk008754	burin (stone tool)	skos:broadMatch	aat:300193147		semapv:UnspecifiedMatching	
wnk:wk008756	tanged point	skos:closeMatch	aat:300400684		semapv:UnspecifiedMatching	
wnk:wk008757	stopper (container component)	skos:exactMatch	aat:300045717		semapv:UnspecifiedMatching	
wnk:wk008758	pestle	skos:exactMatch	aat:300024725		semapv:UnspecifiedMatching	
wnk:wk008759	sturzbecher	skos:exactMatch	aat:300197148		semapv:UnspecifiedMatching	
wnk:wk008760	tureen	skos:exactMatch	aat:300199769		semapv:UnspecifiedMatching	
wnk:wk008761	inkwell	skos:exactMatch	aat:300196797		semapv:UnspecifiedMatching	
wnk:wk008764	drinking horn	skos:closeMatch	aat:300043229		semapv:UnspecifiedMatching	
wnk:wk008766	saucer (plate)	skos:closeMatch	aat:300195535		semapv:UnspecifiedMatching	
wnk:wk008768	storage vessel	skos:exactMatch	aat:300198880		semapv:UnspecifiedMatching	
wnk:wk008769	wagon	skos:narrowMatch	aat:300215710		semapv:UnspecifiedMatching	
wnk:wk008773	loom weight	skos:closeMatch	aat:300248042		semapv:UnspecifiedMatching	
wnk:wk008776	whetstone	skos:exactMatch	aat:300023299		semapv:UnspecifiedMatching	
wnk:wk008779	compasses (drawing instrument)	skos:exactMatch	aat:300022488		semapv:UnspecifiedMatching	
wnk:wk008780	clamp (tool)	skos:exactMatch	aat:300024119		semapv:UnspecifiedMatching	
wnk:wk008781	system (equipment)	skos:closeMatch	aat:300008550		semapv:UnspecifiedMatching	
wnk:wk008785	coating by composition or origin	skos:closeMatch	aat:300014908		semapv:UnspecifiedMatching	
wnk:wk008786	coating (material)	skos:exactMatch	aat:300014907		semapv:UnspecifiedMatching	
wnk:wk008787	Putz nach Technik	skos:closeMatch	aat:300014922		semapv:UnspecifiedMatching	
wnk:wk008788	coating by form	skos:exactMatch	aat:300015002		semapv:UnspecifiedMatching	
wnk:wk008800	telegraph	skos:closeMatch	aat:300266535		semapv:UnspecifiedMatching	
wnk:wk008801	damage	skos:closeMatch	aat:300068940		semapv:UnspecifiedMatching	
wnk:wk008803	prayer (composition)	skos:closeMatch	aat:300400521		semapv:UnspecifiedMatching	
wnk:wk008804	function by general context	skos:closeMatch	aat:300069727		semapv:UnspecifiedMatching	
wnk:wk008807	people in the social sciences and related occupations	skos:closeMatch	aat:300168333		semapv:UnspecifiedMatching	
wnk:wk008808	social scientist	skos:closeMatch	aat:300171580		semapv:UnspecifiedMatching	
wnk:wk008810	historian	skos:closeMatch	aat:300025539		semapv:UnspecifiedMatching	
wnk:wk008813	nonferrous metal	skos:exactMatch	aat:300011014		semapv:UnspecifiedMatching	
wnk:wk008814	metal by composition or origin	skos:exactMatch	aat:300010901		semapv:UnspecifiedMatching	
wnk:wk008817	entrance	skos:exactMatch	aat:300002776		semapv:UnspecifiedMatching	
wnk:wk008818	fashion	skos:exactMatch	aat:300055811		semapv:UnspecifiedMatching	
wnk:wk008820	swastika	skos:closeMatch	aat:300010082		semapv:UnspecifiedMatching	
wnk:wk008821	needle	skos:exactMatch	aat:300024789		semapv:UnspecifiedMatching	
wnk:wk008823	rites of passage	skos:exactMatch	aat:300247989		semapv:UnspecifiedMatching	
wnk:wk008827	explosive device	skos:closeMatch	aat:300204007		semapv:UnspecifiedMatching	
wnk:wk008831	fire (event)	skos:closeMatch	aat:300068986		semapv:UnspecifiedMatching	
wnk:wk008832	initiation	skos:closeMatch	aat:300069180		semapv:UnspecifiedMatching	
wnk:wk008833	prayer (document genre)	skos:closeMatch	aat:300026452		semapv:UnspecifiedMatching	
wnk:wk008834	eucharist	skos:exactMatch	aat:300264326		semapv:UnspecifiedMatching	
wnk:wk008835	angel	skos:closeMatch	aat:300379004		semapv:UnspecifiedMatching	
wnk:wk008839	fast	skos:exactMatch	aat:300069095		semapv:UnspecifiedMatching	
wnk:wk008844	fast-food restaurant	skos:exactMatch	aat:300005191		semapv:UnspecifiedMatching	
wnk:wk008848	dances by specific type	skos:closeMatch	aat:300343611		semapv:UnspecifiedMatching	
wnk:wk008850	system by function	skos:closeMatch	aat:300242038		semapv:UnspecifiedMatching	
wnk:wk008851	infrastructural system	skos:closeMatch	aat:300155846		semapv:UnspecifiedMatching	
wnk:wk008852	Gerätschaft zum Trennen	skos:closeMatch	aat:300207596		semapv:UnspecifiedMatching	
wnk:wk008853	photograph by form	skos:exactMatch	aat:300127008		semapv:UnspecifiedMatching	
wnk:wk008856	photographs by technique	skos:exactMatch	aat:300127011		semapv:UnspecifiedMatching	
wnk:wk008859	photograph by subject or context	skos:exactMatch	aat:300138221		semapv:UnspecifiedMatching	
wnk:wk008860	positive (photograph)	skos:exactMatch	aat:300138191		semapv:UnspecifiedMatching	
wnk:wk008861	photographic paper	skos:closeMatch	aat:300014190		semapv:UnspecifiedMatching	
wnk:wk008864	Aussichtspunkt	skos:closeMatch	aat:300008186		semapv:UnspecifiedMatching	
wnk:wk008865	grenade	skos:closeMatch	aat:300204028		semapv:UnspecifiedMatching	
wnk:wk008871	remain (object genre )	skos:exactMatch	aat:300265420		semapv:UnspecifiedMatching	
wnk:wk008873	accessories by location at the waist or below	skos:closeMatch	aat:300209283		semapv:UnspecifiedMatching	
wnk:wk008874	beverage	skos:closeMatch	aat:300389821		semapv:UnspecifiedMatching	
wnk:wk008876	trophy (object)	skos:exactMatch	aat:300233975		semapv:UnspecifiedMatching	
wnk:wk008877	harness (animal equipment)	skos:closeMatch	aat:300212971		semapv:UnspecifiedMatching	
wnk:wk008879	cabaret (building)	skos:closeMatch	aat:300007099		semapv:UnspecifiedMatching	
wnk:wk008880	sifter	skos:exactMatch	aat:300201089		semapv:UnspecifiedMatching	
wnk:wk008881	perlite	skos:exactMatch	aat:300011257		semapv:UnspecifiedMatching	
wnk:wk008882	decoration (personal artifact)	skos:closeMatch	aat:300256050		semapv:UnspecifiedMatching	
wnk:wk008884	childrenswear	skos:exactMatch	aat:300379348		semapv:UnspecifiedMatching	
wnk:wk008892	brass instrument	skos:exactMatch	aat:300042276		semapv:UnspecifiedMatching	
wnk:wk008895	photographic material	skos:closeMatch	aat:300127358		semapv:UnspecifiedMatching	
wnk:wk008896	photographic plate	skos:closeMatch	aat:300127369		semapv:UnspecifiedMatching	
wnk:wk008898	photograph by form: format	skos:exactMatch	aat:300127015		semapv:UnspecifiedMatching	
wnk:wk008902	consumer cooperative	skos:broadMatch	aat:300005342		semapv:UnspecifiedMatching	
wnk:wk008903	cooperatives (business enterprises)	skos:exactMatch	aat:300259563		semapv:UnspecifiedMatching	
wnk:wk008906	people in crafts and trades	skos:closeMatch	aat:300025253		semapv:UnspecifiedMatching	
wnk:wk008907	function by specific context	skos:closeMatch	aat:300132458		semapv:UnspecifiedMatching	
wnk:wk008911	Jahrmarkt	skos:relatedMatch	aat:300069042		semapv:UnspecifiedMatching	
wnk:wk008912	painting on glass	skos:exactMatch	aat:300343821		semapv:UnspecifiedMatching	
wnk:wk008914	Kochfeld	skos:closeMatch	aat:300003996		semapv:UnspecifiedMatching	
wnk:wk008918	guest book	skos:exactMatch	aat:300027135		semapv:UnspecifiedMatching	
wnk:wk008919	lists (document genres)	skos:exactMatch	aat:300027119		semapv:UnspecifiedMatching	
wnk:wk008921	wood engraving (process)	skos:exactMatch	aat:300053303		semapv:UnspecifiedMatching	
wnk:wk008923	Psychological Concept (hierarchy name)	skos:closeMatch	aat:300055148		semapv:UnspecifiedMatching	
wnk:wk008929	Mathematical Concept (hierarchy name)	skos:exactMatch	aat:300055618		semapv:UnspecifiedMatching	
wnk:wk008930	Geometric Concept (hierarchy name)	skos:closeMatch	aat:300055619		semapv:UnspecifiedMatching	
wnk:wk008931	geometric figure	skos:exactMatch	aat:300055626		semapv:UnspecifiedMatching	
wnk:wk008932	circles (plane figures)	skos:exactMatch	aat:300055627		semapv:UnspecifiedMatching	
wnk:wk008934	photomechanical process	skos:closeMatch	aat:300053203		semapv:UnspecifiedMatching	
wnk:wk008935	dye transfer print	skos:exactMatch	aat:300162562		semapv:UnspecifiedMatching	
wnk:wk008936	photography and photographic process and technique	skos:closeMatch	aat:300149146		semapv:UnspecifiedMatching	
wnk:wk008938	additive color process	skos:closeMatch	aat:300053469		semapv:UnspecifiedMatching	
wnk:wk008939	autochrome plate	skos:relatedMatch	aat:300138292		semapv:UnspecifiedMatching	
wnk:wk008940	Autochromes (photographs)	skos:exactMatch	aat:300138292		semapv:UnspecifiedMatching	
wnk:wk008941	book by internal form	skos:exactMatch	aat:300220521		semapv:UnspecifiedMatching	
wnk:wk008942	album (book)	skos:exactMatch	aat:300026690		semapv:UnspecifiedMatching	
wnk:wk008946	photographic process	skos:exactMatch	aat:300133268		semapv:UnspecifiedMatching	
wnk:wk008950	employment agency	skos:relatedMatch	aat:300006010		semapv:UnspecifiedMatching	
wnk:wk008973	people (agents)	skos:exactMatch	aat:300024979		semapv:UnspecifiedMatching	
wnk:wk008982	infant	skos:exactMatch	aat:300189561		semapv:UnspecifiedMatching	
wnk:wk008988	beggar	skos:exactMatch	aat:300188618		semapv:UnspecifiedMatching	
wnk:wk008989	population	skos:exactMatch	aat:300055417		semapv:UnspecifiedMatching	
wnk:wk008993	brothers (siblings)	skos:exactMatch	aat:300188723		semapv:UnspecifiedMatching	
wnk:wk009019	siblings	skos:exactMatch	aat:300187624		semapv:UnspecifiedMatching	
wnk:wk009026	grandmother	skos:closeMatch	aat:300386752		semapv:UnspecifiedMatching	
wnk:wk009029	hand	skos:exactMatch	aat:300310193		semapv:UnspecifiedMatching	
wnk:wk009053	youth (life stage)	skos:exactMatch	aat:300305226		semapv:UnspecifiedMatching	
wnk:wk009054	adolescents	skos:closeMatch	aat:300163862		semapv:UnspecifiedMatching	
wnk:wk009057	boy	skos:closeMatch	aat:300247598		semapv:UnspecifiedMatching	
wnk:wk009061	child (people by age group)	skos:exactMatch	aat:300025945		semapv:UnspecifiedMatching	
wnk:wk009085	girl	skos:exactMatch	aat:300247581		semapv:UnspecifiedMatching	
wnk:wk009105	nun	skos:closeMatch	aat:300025770		semapv:UnspecifiedMatching	
wnk:wk009107	orchestra	skos:exactMatch	aat:300205073		semapv:UnspecifiedMatching	
wnk:wk009112	couple	skos:exactMatch	aat:300379217		semapv:UnspecifiedMatching	
wnk:wk009153	sisters (siblings)	skos:exactMatch	aat:300188720		semapv:UnspecifiedMatching	
wnk:wk009192	primary school	skos:broadMatch	aat:300343450		semapv:UnspecifiedMatching	
wnk:wk009204	web pages (document genres)	skos:exactMatch	aat:300264578		semapv:UnspecifiedMatching	
wnk:wk009207	beer	skos:exactMatch	aat:300302722		semapv:UnspecifiedMatching	
wnk:wk009213	Marian feasts	skos:exactMatch	aat:300379135		semapv:UnspecifiedMatching	
wnk:wk009217	visual works by form of image	skos:closeMatch	aat:300191088		semapv:UnspecifiedMatching	
wnk:wk009221	culinary device for cooking and heating	skos:closeMatch	aat:300200422		semapv:UnspecifiedMatching	
wnk:wk009226	fern	skos:exactMatch	aat:300375590		semapv:UnspecifiedMatching	
wnk:wk009229	moss	skos:closeMatch	aat:300262568		semapv:UnspecifiedMatching	
wnk:wk009229	moss	skos:closeMatch	aat:300265698		semapv:UnspecifiedMatching	
wnk:wk009230	Pilz	skos:exactMatch	aat:300265679		semapv:UnspecifiedMatching	
wnk:wk009235	Seerose (Botanik)	skos:exactMatch	aat:300375575		semapv:UnspecifiedMatching	
wnk:wk009236	house plant	skos:closeMatch	aat:300132362		semapv:UnspecifiedMatching	
wnk:wk009238	acacia	skos:exactMatch	aat:300375009		semapv:UnspecifiedMatching	
wnk:wk009239	branch (plant component)	skos:exactMatch	aat:300379798		semapv:UnspecifiedMatching	
wnk:wk009244	silver birch	skos:closeMatch	aat:300343926		semapv:UnspecifiedMatching	
wnk:wk009245	leaf (plant component)	skos:exactMatch	aat:300400479		semapv:UnspecifiedMatching	
wnk:wk009247	chestnut (tree)	skos:exactMatch	aat:300374834		semapv:UnspecifiedMatching	
wnk:wk009250	lime (tree)	skos:exactMatch	aat:300343929		semapv:UnspecifiedMatching	
wnk:wk009252	plane tree	skos:exactMatch	aat:300375188		semapv:UnspecifiedMatching	
wnk:wk009253	juniper	skos:exactMatch	aat:300343647		semapv:UnspecifiedMatching	
wnk:wk009254	root (plant component)	skos:exactMatch	aat:300081475		semapv:UnspecifiedMatching	
wnk:wk009259	cornflower	skos:exactMatch	aat:300311138		semapv:UnspecifiedMatching	
wnk:wk009262	rose	skos:exactMatch	aat:300266246		semapv:UnspecifiedMatching	
wnk:wk009267	wild flower	skos:broadMatch	aat:300249500		semapv:UnspecifiedMatching	
wnk:wk009270	deciduous tree	skos:exactMatch	aat:300132413		semapv:UnspecifiedMatching	
wnk:wk009272	magnolia	skos:exactMatch	aat:300375014		semapv:UnspecifiedMatching	
wnk:wk009278	eagle	skos:exactMatch	aat:300250049		semapv:UnspecifiedMatching	
wnk:wk009279	bee	skos:exactMatch	aat:300375639		semapv:UnspecifiedMatching	
wnk:wk009283	duck (bird)	skos:exactMatch	aat:300250047		semapv:UnspecifiedMatching	
wnk:wk009286	fish (animal)	skos:exactMatch	aat:300266085		semapv:UnspecifiedMatching	
wnk:wk009289	frog (animal)	skos:exactMatch	aat:300250018		semapv:UnspecifiedMatching	
wnk:wk009291	goose	skos:broadMatch	aat:300250063		semapv:UnspecifiedMatching	
wnk:wk009293	hare	skos:broadMatch	aat:300250216		semapv:UnspecifiedMatching	
wnk:wk009294	domestic animal	skos:closeMatch	aat:300249497		semapv:UnspecifiedMatching	
wnk:wk009295	deer	skos:exactMatch	aat:300250308		semapv:UnspecifiedMatching	
wnk:wk009296	chicken	skos:exactMatch	aat:300250037		semapv:UnspecifiedMatching	
wnk:wk009298	dog	skos:exactMatch	aat:300250130		semapv:UnspecifiedMatching	
wnk:wk009303	hedgehog	skos:broadMatch	aat:300310319		semapv:UnspecifiedMatching	
wnk:wk009304	insect	skos:exactMatch	aat:300310470		semapv:UnspecifiedMatching	
wnk:wk009307	domestic cat	skos:exactMatch	aat:300265960		semapv:UnspecifiedMatching	
wnk:wk009314	roe deer	skos:closeMatch	aat:300253844		semapv:UnspecifiedMatching	
wnk:wk009318	butterfly	skos:closeMatch	aat:300310614		semapv:UnspecifiedMatching	
wnk:wk009321	swan	skos:exactMatch	aat:300250103		semapv:UnspecifiedMatching	
wnk:wk009322	songbird	skos:exactMatch	aat:300310280		semapv:UnspecifiedMatching	
wnk:wk009324	pigeon	skos:closeMatch	aat:300250045		semapv:UnspecifiedMatching	
wnk:wk009324	pigeon	skos:closeMatch	aat:300310557		semapv:UnspecifiedMatching	
wnk:wk009327	wild boar	skos:exactMatch	aat:300250112		semapv:UnspecifiedMatching	
wnk:wk009330	fly	skos:exactMatch	aat:300310665		semapv:UnspecifiedMatching	
wnk:wk009331	correspondence artifacts	skos:exactMatch	aat:300207872		semapv:UnspecifiedMatching	
wnk:wk009332	negative by process	skos:closeMatch	aat:300138211		semapv:UnspecifiedMatching	
wnk:wk009334	direct positive	skos:exactMatch	aat:300127180		semapv:UnspecifiedMatching	
wnk:wk009337	extruded polystyrene	skos:relatedMatch	aat:300014568		semapv:UnspecifiedMatching	
wnk:wk009340	bathhouse	skos:closeMatch	aat:300007353		semapv:UnspecifiedMatching	
wnk:wk009361	stool (seating furniture)	skos:exactMatch	aat:300038418		semapv:UnspecifiedMatching	
wnk:wk009373	carbonation	skos:exactMatch	aat:300379860		semapv:UnspecifiedMatching	
wnk:wk009375	playing card	skos:exactMatch	aat:300211294		semapv:UnspecifiedMatching	
wnk:wk009377	hosiery	skos:exactMatch	aat:300209984		semapv:UnspecifiedMatching	
wnk:wk009378	adhesive	skos:exactMatch	aat:300014801		semapv:UnspecifiedMatching	
wnk:wk009381	glue	skos:exactMatch	aat:300014815		semapv:UnspecifiedMatching	
wnk:wk009384	Sapindaceae (familiy)	skos:exactMatch	aat:300375034		semapv:UnspecifiedMatching	
wnk:wk009385	Rosaceae	skos:exactMatch	aat:300343810		semapv:UnspecifiedMatching	
wnk:wk009386	Buchengewächs	skos:exactMatch	aat:300343878		semapv:UnspecifiedMatching	
wnk:wk009387	Eibengewächs	skos:closeMatch	aat:300343674		semapv:UnspecifiedMatching	
wnk:wk009388	Birkengewächs	skos:exactMatch	aat:300343618		semapv:UnspecifiedMatching	
wnk:wk009389	Oleaceae (family)	skos:exactMatch	aat:300343865		semapv:UnspecifiedMatching	
wnk:wk009391	Malvaceae (familiy)	skos:exactMatch	aat:300343933		semapv:UnspecifiedMatching	
wnk:wk009392	Platanaceae (family)	skos:exactMatch	aat:300375190		semapv:UnspecifiedMatching	
wnk:wk009393	Ulmaceae	skos:exactMatch	aat:300374850		semapv:UnspecifiedMatching	
wnk:wk009394	Juglandaceae (family)	skos:exactMatch	aat:300374811		semapv:UnspecifiedMatching	
wnk:wk009395	Salicaceae (family)	skos:exactMatch	aat:300374937		semapv:UnspecifiedMatching	
wnk:wk009396	maple	skos:exactMatch	aat:300375033		semapv:UnspecifiedMatching	
wnk:wk009401	pear tree	skos:exactMatch	aat:300375178		semapv:UnspecifiedMatching	
wnk:wk009402	common beech	skos:exactMatch	aat:300343882		semapv:UnspecifiedMatching	
wnk:wk009405	oak (genus)	skos:exactMatch	aat:300375060		semapv:UnspecifiedMatching	
wnk:wk009406	English oak	skos:exactMatch	aat:300375065		semapv:UnspecifiedMatching	
wnk:wk009407	sessile oak	skos:exactMatch	aat:300375093		semapv:UnspecifiedMatching	
wnk:wk009408	black alder	skos:exactMatch	aat:300343625		semapv:UnspecifiedMatching	
wnk:wk009409	ash	skos:exactMatch	aat:300343864		semapv:UnspecifiedMatching	
wnk:wk009410	sweet chestnut (tree)	skos:exactMatch	aat:300374837		semapv:UnspecifiedMatching	
wnk:wk009411	European hornbeam	skos:exactMatch	aat:300374890		semapv:UnspecifiedMatching	
wnk:wk009414	small-leaved lime	skos:exactMatch	aat:300343931		semapv:UnspecifiedMatching	
wnk:wk009424	Aesculus hippocastanum	skos:exactMatch	aat:300374896		semapv:UnspecifiedMatching	
wnk:wk009425	Aesculus (genus)	skos:exactMatch	aat:300343936		semapv:UnspecifiedMatching	
wnk:wk009429	elm	skos:exactMatch	aat:300374849		semapv:UnspecifiedMatching	
wnk:wk009435	common walnut (tree)	skos:exactMatch	aat:300374981		semapv:UnspecifiedMatching	
wnk:wk009436	willow	skos:exactMatch	aat:300375384		semapv:UnspecifiedMatching	
wnk:wk009442	Maulbeerbaumgewächs	skos:exactMatch	aat:300343909		semapv:UnspecifiedMatching	
wnk:wk009445	coffered ceiling	skos:exactMatch	aat:300002039		semapv:UnspecifiedMatching	
wnk:wk009447	accessories worn above the waist	skos:closeMatch	aat:300211602		semapv:UnspecifiedMatching	
wnk:wk009448	accessories by location on arms or hands	skos:closeMatch	aat:300209282		semapv:UnspecifiedMatching	
wnk:wk009450	mortar (filler)	skos:closeMatch	aat:300014741		semapv:UnspecifiedMatching	
wnk:wk009451	holding and gripping tool	skos:exactMatch	aat:300024735		semapv:UnspecifiedMatching	
wnk:wk009453	nest	skos:exactMatch	aat:300380003		semapv:UnspecifiedMatching	
wnk:wk009454	animal shelter (welfare building)	skos:exactMatch	aat:300006748		semapv:UnspecifiedMatching	
wnk:wk009458	petting zoo	skos:broadMatch	aat:300000351		semapv:UnspecifiedMatching	
wnk:wk009477	lawn (landscaped grass)	skos:exactMatch	aat:300008889		semapv:UnspecifiedMatching	
wnk:wk009478	Norway spruce	skos:exactMatch	aat:300343803		semapv:UnspecifiedMatching	
wnk:wk009480	conifer	skos:broadMatch	aat:300265702		semapv:UnspecifiedMatching	
wnk:wk009482	fir	skos:exactMatch	aat:300343643		semapv:UnspecifiedMatching	
wnk:wk009487	insulating material	skos:closeMatch	aat:300014871		semapv:UnspecifiedMatching	
wnk:wk009490	hagiographies (documents)	skos:exactMatch	aat:300201063		semapv:UnspecifiedMatching	
wnk:wk009498	earthquake	skos:exactMatch	aat:300054728		semapv:UnspecifiedMatching	
wnk:wk009509	ice	skos:exactMatch	aat:300011781		semapv:UnspecifiedMatching	
wnk:wk009516	grau	skos:exactMatch	aat:300130811		semapv:UnspecifiedMatching	
wnk:wk009519	rain	skos:exactMatch	aat:300055377		semapv:UnspecifiedMatching	
wnk:wk009521	snow	skos:exactMatch	aat:300055381		semapv:UnspecifiedMatching	
wnk:wk009522	sun (star)	skos:exactMatch	aat:300379806		semapv:UnspecifiedMatching	
wnk:wk009535	blau	skos:exactMatch	aat:300129361		semapv:UnspecifiedMatching	
wnk:wk009543	lot (land)	skos:exactMatch	aat:300000837		semapv:UnspecifiedMatching	
wnk:wk009549	protein	skos:exactMatch	aat:300206575		semapv:UnspecifiedMatching	
wnk:wk009552	palm (plant)	skos:exactMatch	aat:300375394		semapv:UnspecifiedMatching	
wnk:wk009553	Jewish holidays	skos:exactMatch	aat:300264395		semapv:UnspecifiedMatching	
wnk:wk009554	people in religion and related occupations	skos:closeMatch	aat:300025746		semapv:UnspecifiedMatching	
wnk:wk009555	people in religion	skos:closeMatch	aat:300168457		semapv:UnspecifiedMatching	
wnk:wk009558	plant-derived motif	skos:closeMatch	aat:300164599		semapv:UnspecifiedMatching	
wnk:wk009561	Islamic holidays	skos:exactMatch	aat:300264562		semapv:UnspecifiedMatching	
wnk:wk009563	wine	skos:exactMatch	aat:300379442		semapv:UnspecifiedMatching	
wnk:wk009565	tillage equipment	skos:closeMatch	aat:300024339		semapv:UnspecifiedMatching	
wnk:wk009567	springerle board	skos:narrowMatch	aat:300200737		semapv:UnspecifiedMatching	
wnk:wk009568	bone (material)	skos:exactMatch	aat:300011798		semapv:UnspecifiedMatching	
wnk:wk009570	tooth	skos:exactMatch	aat:300011855		semapv:UnspecifiedMatching	
wnk:wk009572	heating, ventilation and air conditioning	skos:closeMatch	aat:300051474		semapv:UnspecifiedMatching	
wnk:wk009573	dentin	skos:exactMatch	aat:300191881		semapv:UnspecifiedMatching	
wnk:wk009574	tusk	skos:exactMatch	aat:300011856		semapv:UnspecifiedMatching	
wnk:wk009576	sheep	skos:exactMatch	aat:300250284		semapv:UnspecifiedMatching	
wnk:wk009577	lamb	skos:exactMatch	aat:300250289		semapv:UnspecifiedMatching	
wnk:wk009583	altar tabernacle (altar )	skos:broadMatch	aat:300312236		semapv:UnspecifiedMatching	
wnk:wk009585	wall tabernacle	skos:exactMatch	aat:300390943		semapv:UnspecifiedMatching	
wnk:wk009589	clasp (fastener)	skos:relatedMatch	aat:300239507		semapv:UnspecifiedMatching	
wnk:wk009590	hair ornament	skos:exactMatch	aat:300209287		semapv:UnspecifiedMatching	
wnk:wk009591	oil (organic material)	skos:exactMatch	aat:300014254		semapv:UnspecifiedMatching	
wnk:wk009592	vegetable oil	skos:exactMatch	aat:300014258		semapv:UnspecifiedMatching	
wnk:wk009595	tweezers	skos:exactMatch	aat:300024749		semapv:UnspecifiedMatching	
wnk:wk009600	mammal	skos:closeMatch	aat:300265707		semapv:UnspecifiedMatching	
wnk:wk009601	amphibian	skos:exactMatch	aat:300249665		semapv:UnspecifiedMatching	
wnk:wk009605	plant component	skos:closeMatch	aat:300375171		semapv:UnspecifiedMatching	
wnk:wk009610	Daisy family	skos:closeMatch	aat:300375557		semapv:UnspecifiedMatching	
wnk:wk009612	Asparagaceae	skos:exactMatch	aat:300375622		semapv:UnspecifiedMatching	
wnk:wk009614	single built work by ownership	skos:exactMatch	aat:300252187		semapv:UnspecifiedMatching	
wnk:wk009615	animal architecture	skos:exactMatch	aat:300380002		semapv:UnspecifiedMatching	
wnk:wk009621	Cupressaceae (familiy)	skos:exactMatch	aat:300343668		semapv:UnspecifiedMatching	
wnk:wk009622	flower (plant component)	skos:closeMatch	aat:300132399		semapv:UnspecifiedMatching	
wnk:wk009628	Kräuter	skos:exactMatch	aat:300132436		semapv:UnspecifiedMatching	
wnk:wk009631	spice	skos:exactMatch	aat:300386730		semapv:UnspecifiedMatching	
wnk:wk009633	sales events	skos:exactMatch	aat:300069089		semapv:UnspecifiedMatching	
wnk:wk009636	polycarbonate	skos:closeMatch	aat:300014473		semapv:UnspecifiedMatching	
wnk:wk009646	syrup	skos:exactMatch	aat:300014684		semapv:UnspecifiedMatching	
wnk:wk009647	dairy product	skos:broadMatch	aat:300389820		semapv:UnspecifiedMatching	
wnk:wk009654	raptor (bird)	skos:closeMatch	aat:300250055		semapv:UnspecifiedMatching	
wnk:wk009656	animal husbandry	skos:broadMatch	aat:300254388		semapv:UnspecifiedMatching	
wnk:wk009662	joint (seam)	skos:exactMatch	aat:300228472		semapv:UnspecifiedMatching	
wnk:wk009665	pointing (filling)	skos:exactMatch	aat:300053095		semapv:UnspecifiedMatching	
wnk:wk009668	coir	skos:exactMatch	aat:300014056		semapv:UnspecifiedMatching	
wnk:wk009674	work	skos:closeMatch	aat:300263340		semapv:UnspecifiedMatching	
wnk:wk009677	inkle loom	skos:closeMatch	aat:300023512		semapv:UnspecifiedMatching	
wnk:wk009680	building site	skos:exactMatch	aat:300000811		semapv:UnspecifiedMatching	
wnk:wk009682	report	skos:exactMatch	aat:300027267		semapv:UnspecifiedMatching	
wnk:wk009683	spectacles (eye glasses)	skos:exactMatch	aat:300236409		semapv:UnspecifiedMatching	
wnk:wk009684	disassembling	skos:closeMatch	aat:300404064		semapv:UnspecifiedMatching	
wnk:wk009685	recognition	skos:closeMatch	aat:300026842		semapv:UnspecifiedMatching	
wnk:wk009688	thread	skos:closeMatch	aat:300014250		semapv:UnspecifiedMatching	
wnk:wk009689	television aerial	skos:broadMatch	aat:300253498		semapv:UnspecifiedMatching	
wnk:wk009692	handbag	skos:closeMatch	aat:300312361		semapv:UnspecifiedMatching	
wnk:wk009694	craft (trade)	skos:broadMatch	aat:300054704		semapv:UnspecifiedMatching	
wnk:wk009696	hallway	skos:closeMatch	aat:300004294		semapv:UnspecifiedMatching	
wnk:wk009699	chicken house	skos:exactMatch	aat:300005003		semapv:UnspecifiedMatching	
wnk:wk009701	film camera	skos:exactMatch	aat:300022644		semapv:UnspecifiedMatching	
wnk:wk009702	rabbit hutch	skos:exactMatch	aat:300005011		semapv:UnspecifiedMatching	
wnk:wk009704	warp	skos:closeMatch	aat:300227930		semapv:UnspecifiedMatching	
wnk:wk009705	end (warp)	skos:closeMatch	aat:300227828		semapv:UnspecifiedMatching	
wnk:wk009709	chest of drawers	skos:exactMatch	aat:300039009		semapv:UnspecifiedMatching	
wnk:wk009710	cap (headgear)	skos:closeMatch	aat:300046094		semapv:UnspecifiedMatching	
wnk:wk009717	sample card	skos:closeMatch	aat:300262983		semapv:UnspecifiedMatching	
wnk:wk009719	Nachttisch	skos:exactMatch	aat:300039745		semapv:UnspecifiedMatching	
wnk:wk009723	shuttle (textile tool)	skos:exactMatch	aat:300247548		semapv:UnspecifiedMatching	
wnk:wk009725	peaked cap	skos:closeMatch	aat:300391049		semapv:UnspecifiedMatching	
wnk:wk009729	sofa	skos:exactMatch	aat:300038634		semapv:UnspecifiedMatching	
wnk:wk009732	slop sink	skos:exactMatch	aat:300101426		semapv:UnspecifiedMatching	
wnk:wk009733	tripod	skos:closeMatch	aat:300022692		semapv:UnspecifiedMatching	
wnk:wk009734	Elektrischer Strom	skos:closeMatch	aat:300055232		semapv:UnspecifiedMatching	
wnk:wk009736	lavatory (room)	skos:exactMatch	aat:300081124		semapv:UnspecifiedMatching	
wnk:wk009744	covering and hanging by function	skos:closeMatch	aat:300204846		semapv:UnspecifiedMatching	
wnk:wk009745	Person im Dienstleistungsgewerbe	skos:exactMatch	aat:300174088		semapv:UnspecifiedMatching	
wnk:wk009747	European	skos:broadMatch	aat:300111148		semapv:UnspecifiedMatching	
wnk:wk009748	prints by process or technique	skos:closeMatch	aat:300041337		semapv:UnspecifiedMatching	
wnk:wk009750	intaglio prints	skos:exactMatch	aat:300041338		semapv:UnspecifiedMatching	
wnk:wk009751	engraving (print)	skos:exactMatch	aat:300041340		semapv:UnspecifiedMatching	
wnk:wk009755	equipment for grooming, hygiene and health care	skos:closeMatch	aat:300236656		semapv:UnspecifiedMatching	
wnk:wk009756	comb (grooming tool)	skos:exactMatch	aat:300236397		semapv:UnspecifiedMatching	
wnk:wk009757	ear ornament	skos:exactMatch	aat:300211279		semapv:UnspecifiedMatching	
wnk:wk009758	national holiday	skos:exactMatch	aat:300162823		semapv:UnspecifiedMatching	
wnk:wk009759	Arbeiter	skos:exactMatch	aat:300025886		semapv:UnspecifiedMatching	
wnk:wk009762	stuffed toy	skos:broadMatch	aat:300211252		semapv:UnspecifiedMatching	
wnk:wk009764	Economic Concept (hierarchy name)	skos:closeMatch	aat:300055673		semapv:UnspecifiedMatching	
wnk:wk009767	architecture (discipline)	skos:exactMatch	aat:300054156		semapv:UnspecifiedMatching	
wnk:wk009768	collection (object grouping)	skos:closeMatch	aat:300025976		semapv:UnspecifiedMatching	
wnk:wk009769	object grouping by general context	skos:closeMatch	aat:300241508		semapv:UnspecifiedMatching	
wnk:wk009770	barrel organ (organ)	skos:exactMatch	aat:300041688		semapv:UnspecifiedMatching	
wnk:wk009771	installation (visuel work)	skos:exactMatch	aat:300047896		semapv:UnspecifiedMatching	
wnk:wk009772	plastic foam	skos:exactMatch	aat:300014565		semapv:UnspecifiedMatching	
wnk:wk009773	plastic by form	skos:closeMatch	aat:300164192		semapv:UnspecifiedMatching	
wnk:wk009776	personal equipment	skos:closeMatch	aat:300238982		semapv:UnspecifiedMatching	
wnk:wk009778	greeting card	skos:exactMatch	aat:300026778		semapv:UnspecifiedMatching	
wnk:wk009782	guideway vehicle	skos:closeMatch	aat:300212494		semapv:UnspecifiedMatching	
wnk:wk009783	Technology and Related Concept (hierarchy name)	skos:closeMatch	aat:300056069		semapv:UnspecifiedMatching	
wnk:wk009784	antler (material)	skos:exactMatch	aat:300011796		semapv:UnspecifiedMatching	
wnk:wk009785	ornament area	skos:closeMatch	aat:300164595		semapv:UnspecifiedMatching	
wnk:wk009788	nightshades	skos:closeMatch	aat:300375502		semapv:UnspecifiedMatching	
wnk:wk009791	people in crafts and trades by activity	skos:closeMatch	aat:300025254		semapv:UnspecifiedMatching	
wnk:wk009792	people in crafts and trades by material	skos:closeMatch	aat:300025281		semapv:UnspecifiedMatching	
wnk:wk009793	people in crafts and trades by product	skos:closeMatch	aat:300168308		semapv:UnspecifiedMatching	
wnk:wk009798	costume component	skos:closeMatch	aat:300212998		semapv:UnspecifiedMatching	
wnk:wk009800	Flächenheizung	skos:closeMatch	aat:300127749		semapv:UnspecifiedMatching	
wnk:wk009801	crack	skos:exactMatch	aat:300209168		semapv:UnspecifiedMatching	
wnk:wk009802	catalog (document)	skos:exactMatch	aat:300026059		semapv:UnspecifiedMatching	
wnk:wk009803	exhibition catalogue	skos:exactMatch	aat:300026096		semapv:UnspecifiedMatching	
wnk:wk009805	publication	skos:exactMatch	aat:300111999		semapv:UnspecifiedMatching	
wnk:wk009806	document by conditions of production	skos:closeMatch	aat:300220520		semapv:UnspecifiedMatching	
wnk:wk009809	Wandbild (Wandschmuck)	skos:relatedMatch	aat:300182732		semapv:UnspecifiedMatching	
wnk:wk009811	comb (hair ornament)	skos:exactMatch	aat:300046265		semapv:UnspecifiedMatching	
wnk:wk009814	binder (material)	skos:exactMatch	aat:300014720		semapv:UnspecifiedMatching	
wnk:wk009818	marking tool and equipment	skos:closeMatch	aat:300161416		semapv:UnspecifiedMatching	
wnk:wk009828	pastor	skos:exactMatch	aat:300025771		semapv:UnspecifiedMatching	
wnk:wk009829	blessing	skos:closeMatch	aat:300137784		semapv:UnspecifiedMatching	
wnk:wk009830	religious functions	skos:closeMatch	aat:300132464		semapv:UnspecifiedMatching	
wnk:wk009831	ordination	skos:exactMatch	aat:300069452		semapv:UnspecifiedMatching	
wnk:wk009842	Protestantism	skos:exactMatch	aat:300073735		semapv:UnspecifiedMatching	
wnk:wk009844	Physics Concept (hierarchy name)	skos:closeMatch	aat:300229371		semapv:UnspecifiedMatching	
wnk:wk009850	sportswear	skos:exactMatch	aat:300221269		semapv:UnspecifiedMatching	
wnk:wk009851	recreation center	skos:exactMatch	aat:300007241		semapv:UnspecifiedMatching	
wnk:wk009855	equipment for personal use: vision	skos:closeMatch	aat:300236659		semapv:UnspecifiedMatching	
wnk:wk009856	hub (lock component)	skos:exactMatch	aat:300033562		semapv:UnspecifiedMatching	
wnk:wk009857	textile materials	skos:exactMatch	aat:300231565		semapv:UnspecifiedMatching	
wnk:wk009859	textile materials by composition or origin	skos:exactMatch	aat:300231566		semapv:UnspecifiedMatching	
wnk:wk009863	poultry house	skos:exactMatch	aat:300004999		semapv:UnspecifiedMatching	
wnk:wk009864	refugee	skos:exactMatch	aat:300025935		semapv:UnspecifiedMatching	
wnk:wk009866	equipment for science and technology	skos:exactMatch	aat:300024517		semapv:UnspecifiedMatching	
wnk:wk009871	information artifacts by function	skos:closeMatch	aat:300137961		semapv:UnspecifiedMatching	
wnk:wk009874	fabrication attributes	skos:closeMatch	aat:300191817		semapv:UnspecifiedMatching	
wnk:wk009883	solvent	skos:exactMatch	aat:300015217		semapv:UnspecifiedMatching	
wnk:wk009888	Retusche (Verfahren)	skos:closeMatch	aat:300136723		semapv:UnspecifiedMatching	
wnk:wk009889	synthetic resin	skos:closeMatch	aat:300378967		semapv:UnspecifiedMatching	
wnk:wk009929	pick (weft thread)	skos:closeMatch	aat:300227867		semapv:UnspecifiedMatching	
wnk:wk009932	planography	skos:closeMatch	aat:300053255		semapv:UnspecifiedMatching	
wnk:wk009933	case furniture	skos:closeMatch	aat:300038860		semapv:UnspecifiedMatching	
wnk:wk009935	dresses by form	skos:exactMatch	aat:300221275		semapv:UnspecifiedMatching	
wnk:wk009936	dresses by function	skos:exactMatch	aat:300221276		semapv:UnspecifiedMatching	
wnk:wk009937	bivalve	skos:exactMatch	aat:300259074		semapv:UnspecifiedMatching	
wnk:wk009938	intarsia (visual work)	skos:exactMatch	aat:300053852		semapv:UnspecifiedMatching	
wnk:wk009953	miniature (painting)	skos:exactMatch	aat:300033936		semapv:UnspecifiedMatching	
wnk:wk009954	paintings by form	skos:exactMatch	aat:300033638		semapv:UnspecifiedMatching	
wnk:wk009956	stand (mercantile structure)	skos:exactMatch	aat:300122180		semapv:UnspecifiedMatching	
wnk:wk009959	route	skos:exactMatch	aat:300265365		semapv:UnspecifiedMatching	
wnk:wk009961	water damage	skos:exactMatch	aat:300379358		semapv:UnspecifiedMatching	
wnk:wk009962	single built work by condition	skos:exactMatch	aat:300008054		semapv:UnspecifiedMatching	
wnk:wk009973	tower (building division)	skos:exactMatch	aat:300003615		semapv:UnspecifiedMatching	
wnk:wk009974	steam engine	skos:exactMatch	aat:300024605		semapv:UnspecifiedMatching	
wnk:wk009976	lamp by method of illumination	skos:exactMatch	aat:300037626		semapv:UnspecifiedMatching	
wnk:wk009978	processed animal material	skos:closeMatch	aat:300193287		semapv:UnspecifiedMatching	
wnk:wk009982	Functional Concept (hierarchy name)	skos:exactMatch	aat:300170413		semapv:UnspecifiedMatching	
wnk:wk009984	balsam (resin)	skos:exactMatch	aat:300012891		semapv:UnspecifiedMatching	
wnk:wk009986	Farbmittel	skos:exactMatch	aat:300013026		semapv:UnspecifiedMatching	
wnk:wk009987	dye	skos:exactMatch	aat:300013029		semapv:UnspecifiedMatching	
wnk:wk009989	filler (inert additive)	skos:exactMatch	aat:300080665		semapv:UnspecifiedMatching	
wnk:wk009992	lacquer (coating)	skos:exactMatch	aat:300014916		semapv:UnspecifiedMatching	
wnk:wk009995	pigment	skos:closeMatch	aat:300013109		semapv:UnspecifiedMatching	
wnk:wk009997	varnish	skos:exactMatch	aat:300014974		semapv:UnspecifiedMatching	
wnk:wk010072	circulation elements	skos:closeMatch	aat:300003217		semapv:UnspecifiedMatching	
wnk:wk010073	warp-weighted loom	skos:exactMatch	aat:300023515		semapv:UnspecifiedMatching	
wnk:wk010077	hair accessory	skos:exactMatch	aat:300225910		semapv:UnspecifiedMatching	
wnk:wk010078	shirt (main garment)	skos:exactMatch	aat:300212499		semapv:UnspecifiedMatching	
wnk:wk010083	trip	skos:relatedMatch	aat:300162867		semapv:UnspecifiedMatching	
wnk:wk010084	stamping mill	skos:narrowMatch	aat:300023391		semapv:UnspecifiedMatching	
wnk:wk010088	reed organ	skos:closeMatch	aat:300041699		semapv:UnspecifiedMatching	
wnk:wk010091	footstool (stool)	skos:exactMatch	aat:300038435		semapv:UnspecifiedMatching	
wnk:wk010092	sideboard	skos:exactMatch	aat:300039306		semapv:UnspecifiedMatching	
wnk:wk010094	tape measure	skos:exactMatch	aat:300204852		semapv:UnspecifiedMatching	
wnk:wk010095	picture frame	skos:closeMatch	aat:300404391		semapv:UnspecifiedMatching	
wnk:wk010097	letter (correspondence)	skos:exactMatch	aat:300026879		semapv:UnspecifiedMatching	
wnk:wk010098	brochure (booklet)	skos:closeMatch	aat:300311670		semapv:UnspecifiedMatching	
wnk:wk010099	peel (culinary tool)	skos:exactMatch	aat:300200690		semapv:UnspecifiedMatching	
wnk:wk010100	document (object genre )	skos:closeMatch	aat:300026030		semapv:UnspecifiedMatching	
wnk:wk010101	dining table	skos:exactMatch	aat:300039648		semapv:UnspecifiedMatching	
wnk:wk010102	towel	skos:closeMatch	aat:300216632		semapv:UnspecifiedMatching	
wnk:wk010103	Henkelmann	skos:relatedMatch	aat:300257177		semapv:UnspecifiedMatching	
wnk:wk010104	cart	skos:closeMatch	aat:300212695		semapv:UnspecifiedMatching	
wnk:wk010206	helmet component	skos:exactMatch	aat:300036843		semapv:UnspecifiedMatching	
wnk:wk010208	pub	skos:closeMatch	aat:300005166		semapv:UnspecifiedMatching	
wnk:wk010218	intaglio printing	skos:exactMatch	aat:300053218		semapv:UnspecifiedMatching	
wnk:wk010219	etching (prints)	skos:exactMatch	aat:300041365		semapv:UnspecifiedMatching	
wnk:wk010220	Pech (Material)	skos:exactMatch	aat:300012949		semapv:UnspecifiedMatching	
wnk:wk010221	drinking vessel	skos:exactMatch	aat:300194567		semapv:UnspecifiedMatching	
wnk:wk010228	figure- and animal-derived motif	skos:exactMatch	aat:300164598		semapv:UnspecifiedMatching	
wnk:wk010240	intersection	skos:exactMatch	aat:300003871.		semapv:UnspecifiedMatching	
wnk:wk010241	Weather and Related Phenomenon (hierarchy name)	skos:closeMatch	aat:300162300		semapv:UnspecifiedMatching	
wnk:wk010242	natural events	skos:closeMatch	aat:300162261		semapv:UnspecifiedMatching	
wnk:wk010244	Earth Sciences Concept (hierarchy name)	skos:exactMatch	aat:300068654		semapv:UnspecifiedMatching	
wnk:wk010344	pitchfork	skos:exactMatch	aat:300024353		semapv:UnspecifiedMatching	
wnk:wk010345	pincushion	skos:exactMatch	aat:300023455		semapv:UnspecifiedMatching	
wnk:wk010346	identity card	skos:closeMatch	aat:300026799		semapv:UnspecifiedMatching	
wnk:wk010347	ice skate	skos:exactMatch	aat:300229602		semapv:UnspecifiedMatching	
wnk:wk010348	boxes (container)	skos:closeMatch	aat:300045643		semapv:UnspecifiedMatching	
wnk:wk010349	whisk	skos:exactMatch	aat:300207793		semapv:UnspecifiedMatching	
wnk:wk010350	post horn	skos:exactMatch	aat:300042328		semapv:UnspecifiedMatching	
wnk:wk010351	haywagon	skos:narrowMatch	aat:300060049		semapv:UnspecifiedMatching	
wnk:wk010353	sanding machine	skos:closeMatch	aat:300023959		semapv:UnspecifiedMatching	
wnk:wk010354	phonograph record	skos:closeMatch	aat:300028643		semapv:UnspecifiedMatching	
wnk:wk010355	rasp (cutting tool)	skos:exactMatch	aat:300024818		semapv:UnspecifiedMatching	
wnk:wk010356	embroidering	skos:exactMatch	aat:300053653		semapv:UnspecifiedMatching	
wnk:wk010357	chest (case furniture)	skos:exactMatch	aat:300038992		semapv:UnspecifiedMatching	
wnk:wk010358	cradle (children´s bed)	skos:exactMatch	aat:300038847		semapv:UnspecifiedMatching	
wnk:wk010359	film (performing arts)	skos:exactMatch	aat:300054141		semapv:UnspecifiedMatching	
wnk:wk010361	screwdriver	skos:exactMatch	aat:300024704		semapv:UnspecifiedMatching	
wnk:wk010362	newspaper	skos:exactMatch	aat:300026656		semapv:UnspecifiedMatching	
wnk:wk010363	threshing	skos:closeMatch	aat:300312369		semapv:UnspecifiedMatching	
wnk:wk010364	mattress	skos:closeMatch	aat:300040450		semapv:UnspecifiedMatching	
wnk:wk010365	sink (bathroom sink)	skos:exactMatch	aat:300052632		semapv:UnspecifiedMatching	
wnk:wk010367	beater (culinary tools)	skos:exactMatch	aat:300201092		semapv:UnspecifiedMatching	
wnk:wk010369	bib (protective wear)	skos:exactMatch	aat:300209957		semapv:UnspecifiedMatching	
wnk:wk010370	Wasserhahn	skos:closeMatch	aat:300079037		semapv:UnspecifiedMatching	
wnk:wk010371	surface active agent	skos:exactMatch	aat:300015321		semapv:UnspecifiedMatching	
wnk:wk010373	sound recording medium	skos:narrowMatch	aat:300028633		semapv:UnspecifiedMatching	
wnk:wk010375	strigil	skos:exactMatch	aat:300343767		semapv:UnspecifiedMatching	
wnk:wk010376	additive (material)	skos:exactMatch	aat:300014701		semapv:UnspecifiedMatching	
wnk:wk010377	material by property	skos:exactMatch	aat:300015352		semapv:UnspecifiedMatching	
wnk:wk010378	closure (container component)	skos:closeMatch	aat:300203437		semapv:UnspecifiedMatching	
wnk:wk010379	children's beds	skos:exactMatch	aat:300165757		semapv:UnspecifiedMatching	
wnk:wk010382	anastylosis	skos:exactMatch	aat:300053739		semapv:UnspecifiedMatching	
wnk:wk010384	passage_ (circulation space)	skos:closeMatch	aat:300004283		semapv:UnspecifiedMatching	
wnk:wk010389	half slip (underwear)	skos:exactMatch	aat:300214655		semapv:UnspecifiedMatching	
wnk:wk010424	maiolica	skos:exactMatch	aat:300021170		semapv:UnspecifiedMatching	
wnk:wk010426	Quarzkeramik	skos:relatedMatch	aat:300265177		semapv:UnspecifiedMatching	
wnk:wk010429	Steingut (Material)	skos:narrowMatch	aat:300163214		semapv:UnspecifiedMatching	
wnk:wk010430	terra sigillata	skos:exactMatch	aat:300107376		semapv:UnspecifiedMatching	
wnk:wk010432	pipeclay	skos:exactMatch	aat:300180681		semapv:UnspecifiedMatching	
wnk:wk010433	biscuit porcelain	skos:exactMatch	aat:300242297		semapv:UnspecifiedMatching	
wnk:wk010442	precious metal	skos:exactMatch	aat:300011054		semapv:UnspecifiedMatching	
wnk:wk010443	gold (metal)	skos:exactMatch	aat:300011021		semapv:UnspecifiedMatching	
wnk:wk010444	silver (metal)	skos:exactMatch	aat:300011029		semapv:UnspecifiedMatching	
wnk:wk010446	copper alloy	skos:exactMatch	aat:300010942		semapv:UnspecifiedMatching	
wnk:wk010447	nickel (metall)	skos:exactMatch	aat:300011028		semapv:UnspecifiedMatching	
wnk:wk010448	tinplate	skos:closeMatch	aat:300380231		semapv:UnspecifiedMatching	
wnk:wk010449	zinc	skos:exactMatch	aat:300011037		semapv:UnspecifiedMatching	
wnk:wk010450	tin (metal)	skos:exactMatch	aat:300133748		semapv:UnspecifiedMatching	
wnk:wk010452	lime (material)	skos:narrowMatch	aat:300010748		semapv:UnspecifiedMatching	
wnk:wk010453	muschelkalk	skos:exactMatch	aat:300265606		semapv:UnspecifiedMatching	
wnk:wk010455	artificial stone	skos:closeMatch	aat:300010788		semapv:UnspecifiedMatching	
wnk:wk010457	porphyry	skos:exactMatch	aat:300011232		semapv:UnspecifiedMatching	
wnk:wk010458	Karneol	skos:exactMatch	aat:300133223		semapv:UnspecifiedMatching	
wnk:wk010460	onyx (mineral)	skos:exactMatch	aat:300011136		semapv:UnspecifiedMatching	
wnk:wk010461	sardonyx	skos:exactMatch	aat:300011137		semapv:UnspecifiedMatching	
wnk:wk010462	almandine	skos:exactMatch	aat:300380120		semapv:UnspecifiedMatching	
wnk:wk010464	coral (material)	skos:exactMatch	aat:300011800		semapv:UnspecifiedMatching	
wnk:wk010467	quartz crystal	skos:exactMatch	aat:300011152		semapv:UnspecifiedMatching	
wnk:wk010468	mother-of-pearl	skos:exactMatch	aat:300011835		semapv:UnspecifiedMatching	
wnk:wk010469	serpentine (mineral)	skos:exactMatch	aat:300011627		semapv:UnspecifiedMatching	
wnk:wk010472	soapstone (metamorphic rock)	skos:exactMatch	aat:300011665		semapv:UnspecifiedMatching	
wnk:wk010476	soil	skos:exactMatch	aat:300014330		semapv:UnspecifiedMatching	
wnk:wk010477	plant material	skos:exactMatch	aat:300124117		semapv:UnspecifiedMatching	
wnk:wk010479	elastomer	skos:closeMatch	aat:300014379		semapv:UnspecifiedMatching	
wnk:wk010482	walnut (wood)	skos:exactMatch	aat:300012476		semapv:UnspecifiedMatching	
wnk:wk010483	fruitwood	skos:closeMatch	aat:300137731		semapv:UnspecifiedMatching	
wnk:wk010484	cherry tree	skos:exactMatch	aat:300375306		semapv:UnspecifiedMatching	
wnk:wk010486	palisander (wood)	skos:exactMatch	aat:300375333		semapv:UnspecifiedMatching	
wnk:wk010487	pine (tree)	skos:exactMatch	aat:300343658		semapv:UnspecifiedMatching	
wnk:wk010488	larch	skos:exactMatch	aat:300343648		semapv:UnspecifiedMatching	
wnk:wk010489	root wood	skos:broadMatch	aat:300374815		semapv:UnspecifiedMatching	
wnk:wk010490	cardboard	skos:closeMatch	aat:300014224		semapv:UnspecifiedMatching	
wnk:wk010492	handmade paper	skos:exactMatch	aat:300014184		semapv:UnspecifiedMatching	
wnk:wk010493	Japanese paper (handmade paper)	skos:exactMatch	aat:300014143		semapv:UnspecifiedMatching	
wnk:wk010496	linen (material)	skos:exactMatch	aat:300014069		semapv:UnspecifiedMatching	
wnk:wk010499	eggshell	skos:exactMatch	aat:300191893		semapv:UnspecifiedMatching	
wnk:wk010500	tortoiseshell	skos:exactMatch	aat:300011837		semapv:UnspecifiedMatching	
wnk:wk010501	hide (collagenous material)	skos:exactMatch	aat:300011844		semapv:UnspecifiedMatching	
wnk:wk010503	leather	skos:exactMatch	aat:300011845		semapv:UnspecifiedMatching	
wnk:wk010504	mollusk shell	skos:closeMatch	aat:300011829		semapv:UnspecifiedMatching	
wnk:wk010506	horn (animal material)	skos:closeMatch	aat:300011826		semapv:UnspecifiedMatching	
wnk:wk010509	announcement	skos:exactMatch	aat:300026707		semapv:UnspecifiedMatching	
wnk:wk010510	denominational school	skos:exactMatch	aat:300343442		semapv:UnspecifiedMatching	
wnk:wk010542	Plastik (visuelles Werk)	skos:closeMatch	aat:300047090		semapv:UnspecifiedMatching	
wnk:wk010543	culinary tool and equipment for cutting	skos:exactMatch	aat:300201101		semapv:UnspecifiedMatching	
wnk:wk010553	Wappentier (Heraldik)	skos:broadMatch	aat:300009815		semapv:UnspecifiedMatching	
wnk:wk010573	spindles (textile working equipment )	skos:exactMatch	aat:300265738		semapv:UnspecifiedMatching	
wnk:wk010574	parabolic antenna	skos:exactMatch	aat:300253525		semapv:UnspecifiedMatching	
wnk:wk010575	maternity ward	skos:exactMatch	aat:300125571		semapv:UnspecifiedMatching	
wnk:wk010598	cymbal	skos:exactMatch	aat:300041897		semapv:UnspecifiedMatching	
wnk:wk010604	gazebo	skos:exactMatch	aat:300006798		semapv:UnspecifiedMatching	
wnk:wk010624	Biedermeier	skos:exactMatch	aat:300021434		semapv:UnspecifiedMatching	
wnk:wk010626	early gothic period	skos:exactMatch	aat:300020780		semapv:UnspecifiedMatching	
wnk:wk010627	high gothic period	skos:closeMatch	aat:300020782		semapv:UnspecifiedMatching	
wnk:wk010628	late gothic	skos:exactMatch	aat:300020783		semapv:UnspecifiedMatching	
wnk:wk010641	Art Deco	skos:exactMatch	aat:300021426		semapv:UnspecifiedMatching	
wnk:wk010643	international style	skos:exactMatch	aat:300020786		semapv:UnspecifiedMatching	
wnk:wk010645	Renaissance (epoch)	skos:closeMatch	aat:300021140		semapv:UnspecifiedMatching	
wnk:wk010651	Imitation (Objektgattung)	skos:broadMatch	aat:300121293		semapv:UnspecifiedMatching	
wnk:wk010653	paperwork (visual work)	skos:exactMatch	aat:300044053		semapv:UnspecifiedMatching	
wnk:wk010656	storage space	skos:exactMatch	aat:300004465		semapv:UnspecifiedMatching	
wnk:wk010657	restaurant	skos:closeMatch	aat:300005182		semapv:UnspecifiedMatching	
wnk:wk010659	writing system	skos:exactMatch	aat:300200824		semapv:UnspecifiedMatching	
wnk:wk010662	Aluminium	skos:exactMatch	aat:300011015		semapv:UnspecifiedMatching	
wnk:wk010665	Befestigungselement	skos:broadMatch	aat:300036363		semapv:UnspecifiedMatching	
wnk:wk010669	floor brick	skos:closeMatch	aat:300010555		semapv:UnspecifiedMatching	
wnk:wk010670	bolt (arrow)	skos:exactMatch	aat:300210977		semapv:UnspecifiedMatching	
wnk:wk010673	iron (metal)	skos:exactMatch	aat:300011002		semapv:UnspecifiedMatching	
wnk:wk010674	window pane	skos:exactMatch	aat:300209746		semapv:UnspecifiedMatching	
wnk:wk010675	thimble	skos:exactMatch	aat:300247551		semapv:UnspecifiedMatching	
wnk:wk010678	handle	skos:exactMatch	aat:300024927		semapv:UnspecifiedMatching	
wnk:wk010680	necklace	skos:exactMatch	aat:300046001		semapv:UnspecifiedMatching	
wnk:wk010686	knob (handle)	skos:exactMatch	aat:300080149		semapv:UnspecifiedMatching	
wnk:wk010688	plumb line	skos:narrowMatch	aat:300163338		semapv:UnspecifiedMatching	
wnk:wk010690	material sample	skos:broadMatch	aat:300028875		semapv:UnspecifiedMatching	
wnk:wk010692	rivet	skos:exactMatch	aat:300036425		semapv:UnspecifiedMatching	
wnk:wk010693	nut (plant component)	skos:exactMatch	aat:300011897		semapv:UnspecifiedMatching	
wnk:wk010695	armor (protective wear)	skos:closeMatch	aat:300036745		semapv:UnspecifiedMatching	
wnk:wk010696	bead (pierced object)	skos:exactMatch	aat:300234006		semapv:UnspecifiedMatching	
wnk:wk010697	pilgrim souvenir	skos:exactMatch	aat:300265067		semapv:UnspecifiedMatching	
wnk:wk010699	slab (flat object)	skos:closeMatch	aat:300247625		semapv:UnspecifiedMatching	
wnk:wk010702	rim sherd	skos:closeMatch	aat:300263317		semapv:UnspecifiedMatching	
wnk:wk010705	seed	skos:exactMatch	aat:300011902		semapv:UnspecifiedMatching	
wnk:wk010708	chessman	skos:exactMatch	aat:300211432		semapv:UnspecifiedMatching	
wnk:wk010709	slag	skos:exactMatch	aat:300011790		semapv:UnspecifiedMatching	
wnk:wk010712	tip	skos:broadMatch	aat:300190710		semapv:UnspecifiedMatching	
wnk:wk010739	surgical instrument	skos:exactMatch	aat:300080597		semapv:UnspecifiedMatching	
wnk:wk010765	ball (event)	skos:closeMatch	aat:300069619		semapv:UnspecifiedMatching	
wnk:wk010771	mining	skos:closeMatch	aat:300054710		semapv:UnspecifiedMatching	
wnk:wk010781	bocce ball set	skos:relatedMatch	aat:300422058		semapv:UnspecifiedMatching	
wnk:wk010848	flea market	skos:exactMatch	aat:300069116		semapv:UnspecifiedMatching	
wnk:wk010871	sweepstake	skos:broadMatch	aat:300184191		semapv:UnspecifiedMatching	
wnk:wk010877	needleworking (technique)	skos:closeMatch	aat:300053652		semapv:UnspecifiedMatching	
wnk:wk010897	honeymoon (trip)	skos:exactMatch	aat:300393196		semapv:UnspecifiedMatching	
wnk:wk010900	wedding procession	skos:exactMatch	aat:300379113		semapv:UnspecifiedMatching	
wnk:wk010919	baker	skos:exactMatch	aat:300136385		semapv:UnspecifiedMatching	
wnk:wk010926	construction firm	skos:relatedMatch	aat:300386352		semapv:UnspecifiedMatching	
wnk:wk010933	broommaker	skos:exactMatch	aat:300025395		semapv:UnspecifiedMatching	
wnk:wk010936	bishop (prelates)	skos:closeMatch	aat:300025756		semapv:UnspecifiedMatching	
wnk:wk010941	archer	skos:closeMatch	aat:300379808		semapv:UnspecifiedMatching	
wnk:wk010946	cooper	skos:closeMatch	aat:300025375		semapv:UnspecifiedMatching	
wnk:wk010956	letter carrier	skos:closeMatch	aat:300380097		semapv:UnspecifiedMatching	
wnk:wk010968	domestics	skos:closeMatch	aat:300136452		semapv:UnspecifiedMatching	
wnk:wk010969	maids (servants)	skos:closeMatch	aat:300379706		semapv:UnspecifiedMatching	
wnk:wk011000	forester	skos:exactMatch	aat:300025609		semapv:UnspecifiedMatching	
wnk:wk011001	photographer	skos:exactMatch	aat:300025687		semapv:UnspecifiedMatching	
wnk:wk011046	apple (fruit)	skos:closeMatch	aat:300266417		semapv:UnspecifiedMatching	
wnk:wk011047	draft horse	skos:exactMatch	aat:300266002		semapv:UnspecifiedMatching	
wnk:wk011055	blueberry (species)	skos:broadMatch	aat:300375419		semapv:UnspecifiedMatching	
wnk:wk011060	blackberry (fruit)	skos:exactMatch	aat:300375416		semapv:UnspecifiedMatching	
wnk:wk011062	Cranberry (Frucht)	skos:exactMatch	aat:300375418		semapv:UnspecifiedMatching	
wnk:wk011067	strawberry	skos:exactMatch	aat:300375414		semapv:UnspecifiedMatching	
wnk:wk011076	poultry	skos:exactMatch	aat:300250036		semapv:UnspecifiedMatching	
wnk:wk011080	pomegranate (fruit)	skos:closeMatch	aat:300379961		semapv:UnspecifiedMatching	
wnk:wk011085	hazelnut (fruit)	skos:exactMatch	aat:300411352		semapv:UnspecifiedMatching	
wnk:wk011126	vinegar	skos:closeMatch	aat:300011755		semapv:UnspecifiedMatching	
wnk:wk011133	vegetable	skos:exactMatch	aat:300380162		semapv:UnspecifiedMatching	
wnk:wk011142	yeast (fungi)	skos:exactMatch	aat:300380029		semapv:UnspecifiedMatching	
wnk:wk011146	honey	skos:exactMatch	aat:300191621		semapv:UnspecifiedMatching	
wnk:wk011192	farm wagon	skos:exactMatch	aat:300219625		semapv:UnspecifiedMatching	
wnk:wk011195	crossbow	skos:closeMatch	aat:300037000		semapv:UnspecifiedMatching	
wnk:wk011201	ball (sports equipment)	skos:closeMatch	aat:300217888		semapv:UnspecifiedMatching	
wnk:wk011211	beer stein	skos:closeMatch	aat:300043255		semapv:UnspecifiedMatching	
wnk:wk011213	Küchenform (Küchengerät)	skos:closeMatch	aat:300206701		semapv:UnspecifiedMatching	
wnk:wk011224	marriage candle	skos:closeMatch	aat:300390912		semapv:UnspecifiedMatching	
wnk:wk011231	bus (commercial vehicle)	skos:exactMatch	aat:300212677		semapv:UnspecifiedMatching	
wnk:wk011242	tricycle	skos:exactMatch	aat:300212989		semapv:UnspecifiedMatching	
wnk:wk011243	flail (agricultural equipment)	skos:exactMatch	aat:300024349		semapv:UnspecifiedMatching	
wnk:wk011244	threshing machine	skos:exactMatch	aat:300024375		semapv:UnspecifiedMatching	
wnk:wk011250	invitation (document)	skos:exactMatch	aat:300027083		semapv:UnspecifiedMatching	
wnk:wk011259	flag	skos:closeMatch	aat:300195678		semapv:UnspecifiedMatching	
wnk:wk011261	bicycle	skos:exactMatch	aat:300212636		semapv:UnspecifiedMatching	
wnk:wk011266	television receiver	skos:closeMatch	aat:300248636		semapv:UnspecifiedMatching	
wnk:wk011268	documentary films	skos:closeMatch	aat:300375156		semapv:UnspecifiedMatching	
wnk:wk011280	fountain pen	skos:exactMatch	aat:300022455		semapv:UnspecifiedMatching	
wnk:wk011286	poem	skos:exactMatch	aat:300026451		semapv:UnspecifiedMatching	
wnk:wk011293	tea towel	skos:closeMatch	aat:300216638		semapv:UnspecifiedMatching	
wnk:wk011298	Glückwunschkarte	skos:broadMatch	aat:300026778		semapv:UnspecifiedMatching	
wnk:wk011302	gramophone	skos:closeMatch	aat:300310107		semapv:UnspecifiedMatching	
wnk:wk011305	freight car	skos:exactMatch	aat:300212993		semapv:UnspecifiedMatching	
wnk:wk011306	freight train	skos:exactMatch	aat:300212739		semapv:UnspecifiedMatching	
wnk:wk011307	hairwork picture	skos:broadMatch	aat:300343536		semapv:UnspecifiedMatching	
wnk:wk011311	home appliance	skos:closeMatch	aat:300257284		semapv:UnspecifiedMatching	
wnk:wk011318	Heiratsurkunde	skos:exactMatch	aat:300027418		semapv:UnspecifiedMatching	
wnk:wk011343	Gesundheit	skos:exactMatch	aat:300055133		semapv:UnspecifiedMatching	
wnk:wk011346	business (commercial function)	skos:narrowMatch	aat:300054343		semapv:UnspecifiedMatching	
wnk:wk011350	home economics	skos:closeMatch	aat:300054406		semapv:UnspecifiedMatching	
wnk:wk011357	firewood	skos:exactMatch	aat:300015146		semapv:UnspecifiedMatching	
wnk:wk011359	ice cream	skos:closeMatch	aat:300266767		semapv:UnspecifiedMatching	
wnk:wk011360	fat	skos:exactMatch	aat:300013023		semapv:UnspecifiedMatching	
wnk:wk011395	case (container)	skos:exactMatch	aat:300045659		semapv:UnspecifiedMatching	
wnk:wk011397	information board	skos:closeMatch	aat:300123013		semapv:UnspecifiedMatching	
wnk:wk011398	materials by physical state	skos:exactMatch	aat:300015376		semapv:UnspecifiedMatching	
wnk:wk011406	chess set	skos:exactMatch	aat:300216608		semapv:UnspecifiedMatching	
wnk:wk011408	analysis and testing technique	skos:exactMatch	aat:300081683		semapv:UnspecifiedMatching	
wnk:wk011435	ash (residue)	skos:exactMatch	aat:300011786		semapv:UnspecifiedMatching	
wnk:wk011469	bioturbation	skos:closeMatch	aat:300379764		semapv:UnspecifiedMatching	
wnk:wk011482	slope (landform)	skos:exactMatch	aat:300132356		semapv:UnspecifiedMatching	
wnk:wk011556	footprint (foot impressions)	skos:exactMatch	aat:300263476		semapv:UnspecifiedMatching	
wnk:wk011564	gas pipeline	skos:broadMatch	aat:300008607		semapv:UnspecifiedMatching	
wnk:wk011703	Parkplatz	skos:exactMatch	aat:300007826		semapv:UnspecifiedMatching	
wnk:wk011710	stake (pointed object)	skos:closeMatch	aat:300247473		semapv:UnspecifiedMatching	
wnk:wk011716	crossbeam	skos:exactMatch	aat:300001525		semapv:UnspecifiedMatching	
wnk:wk011842	stain (damage)	skos:closeMatch	aat:300379497		semapv:UnspecifiedMatching	
wnk:wk011931	dung	skos:exactMatch	aat:300011804		semapv:UnspecifiedMatching	
wnk:wk011933	mud	skos:exactMatch	aat:300014337		semapv:UnspecifiedMatching	
wnk:wk011935	plank (wood)	skos:closeMatch	aat:300012825		semapv:UnspecifiedMatching	
wnk:wk011956	carving (processes)	skos:exactMatch	aat:300053149		semapv:UnspecifiedMatching	
wnk:wk011959	waste	skos:exactMatch	aat:300253876		semapv:UnspecifiedMatching	
wnk:wk011969	activated carbon	skos:closeMatch	aat:300380477		semapv:UnspecifiedMatching	
wnk:wk011976	anthropogen	skos:closeMatch	aat:300224592		semapv:UnspecifiedMatching	
wnk:wk011994	biotechnology	skos:broadMatch	aat:300250623		semapv:UnspecifiedMatching	
wnk:wk012036	unidentified	skos:exactMatch	aat:300386154		semapv:UnspecifiedMatching	
wnk:wk012165	screen print	skos:exactMatch	aat:300178688		semapv:UnspecifiedMatching	
wnk:wk012166	sewing tool	skos:closeMatch	aat:300247545		semapv:UnspecifiedMatching	
wnk:wk012167	base (object component)	skos:broadMatch	aat:300001656		semapv:UnspecifiedMatching	
wnk:wk012172	inorganic material	skos:exactMatch	aat:300010360		semapv:UnspecifiedMatching	
wnk:wk012173	organic material	skos:exactMatch	aat:300011792		semapv:UnspecifiedMatching	
wnk:wk012174	animal material	skos:exactMatch	aat:300011793		semapv:UnspecifiedMatching	
wnk:wk012175	clothing	skos:closeMatch	aat:300266639		semapv:UnspecifiedMatching	
wnk:wk012176	animal horn	skos:closeMatch	aat:300400473		semapv:UnspecifiedMatching	
wnk:wk012183	cultic	skos:relatedMatch	aat:300380145		semapv:UnspecifiedMatching	
wnk:wk012196	reproduction (derivative object)	skos:exactMatch	aat:300015643		semapv:UnspecifiedMatching	
wnk:wk012200	burial chambers	skos:exactMatch	aat:300004088		semapv:UnspecifiedMatching	
wnk:wk012203	steel engraving (visual work)	skos:exactMatch	aat:300041363		semapv:UnspecifiedMatching	
wnk:wk012206	gastropod shell	skos:broadMatch	aat:300011829		semapv:UnspecifiedMatching	
wnk:wk012208	dating ( measuring process)	skos:closeMatch	aat:300054714		semapv:UnspecifiedMatching	
wnk:wk012209	radiocarbon dating	skos:exactMatch	aat:300054717		semapv:UnspecifiedMatching	
wnk:wk012210	dendrochronology	skos:exactMatch	aat:300054715		semapv:UnspecifiedMatching	
wnk:wk012211	Arbeitsräume und Unterrichtsräume	skos:exactMatch	aat:300004505		semapv:UnspecifiedMatching	
wnk:wk012213	image by method of representation	skos:closeMatch	aat:300033974		semapv:UnspecifiedMatching	
wnk:wk012214	Bild nach Projektionsmethode	skos:closeMatch	aat:300068504		semapv:UnspecifiedMatching	
wnk:wk012216	Kriegsgräberstätte	skos:closeMatch	aat:300000380		semapv:UnspecifiedMatching	
wnk:wk012218	Language-related Concept (hierarchy name)	skos:closeMatch	aat:300263371		semapv:UnspecifiedMatching	
wnk:wk012219	Languages and Writing Systems (hierarchy name)	skos:exactMatch	aat:300389739		semapv:UnspecifiedMatching	
wnk:wk012222	Holz nach Zusammensetzung oder Herkunft	skos:exactMatch	aat:300011915		semapv:UnspecifiedMatching	
wnk:wk012224	vocational training	skos:exactMatch	aat:300188826		semapv:UnspecifiedMatching	
wnk:wk012225	Strebewerk	skos:exactMatch	aat:300000891		semapv:UnspecifiedMatching	
wnk:wk012226	diaphragm arch	skos:closeMatch	aat:300065269		semapv:UnspecifiedMatching	
wnk:wk012229	sheet (Information artifact)	skos:exactMatch	aat:300189648		semapv:UnspecifiedMatching	
wnk:wk012230	Hahn (Gerät)	skos:closeMatch	aat:300079037		semapv:UnspecifiedMatching	
wnk:wk012231	serial (publications)	skos:exactMatch	aat:300026642		semapv:UnspecifiedMatching	
wnk:wk012235	education institute	skos:closeMatch	aat:300343413		semapv:UnspecifiedMatching	
wnk:wk012237	layout feature	skos:closeMatch	aat:300195160		semapv:UnspecifiedMatching	
wnk:wk012240	iron and iron alloy	skos:exactMatch	aat:300241605		semapv:UnspecifiedMatching	
wnk:wk012241	copper and copper alloy	skos:closeMatch	aat:300241441		semapv:UnspecifiedMatching	
wnk:wk012243	gold and gold alloy	skos:exactMatch	aat:300241448		semapv:UnspecifiedMatching	
wnk:wk012244	Legierung	skos:exactMatch	aat:300241448		semapv:UnspecifiedMatching	
wnk:wk012245	silver and silver alloy	skos:closeMatch	aat:300241467		semapv:UnspecifiedMatching	
wnk:wk012246	silver alloy	skos:exactMatch	aat:300010975		semapv:UnspecifiedMatching	
wnk:wk012247	music equipment	skos:exactMatch	aat:300235715		semapv:UnspecifiedMatching	
wnk:wk012248	stick (object genre )	skos:exactMatch	aat:300014681		semapv:UnspecifiedMatching	
wnk:wk012252	linocut (process)	skos:exactMatch	aat:300060720		semapv:UnspecifiedMatching	
wnk:wk012253	relief printing processes	skos:exactMatch	aat:300199639		semapv:UnspecifiedMatching	
wnk:wk012257	container for preparing food	skos:exactMatch	aat:300198758		semapv:UnspecifiedMatching	
wnk:wk012264	perfume (scent)	skos:exactMatch	aat:300015166		semapv:UnspecifiedMatching	
wnk:wk012276	cassette recorders	skos:closeMatch	aat:300411344		semapv:UnspecifiedMatching	
wnk:wk012283	cookbooks	skos:exactMatch	aat:300026109		semapv:UnspecifiedMatching	
wnk:wk012287	power engine	skos:broadMatch	aat:300024603		semapv:UnspecifiedMatching	
wnk:wk012290	ballpoint pen	skos:exactMatch	aat:300022453		semapv:UnspecifiedMatching	
wnk:wk012291	carriage (vehicle)	skos:narrowMatch	aat:300185335		semapv:UnspecifiedMatching	
wnk:wk012297	tractor (agricultural equipment)	skos:closeMatch	aat:300024302		semapv:UnspecifiedMatching	
wnk:wk012298	ladder	skos:exactMatch	aat:300022376		semapv:UnspecifiedMatching	
wnk:wk012310	motor	skos:narrowMatch	aat:300024609		semapv:UnspecifiedMatching	
wnk:wk012312	sewing machines	skos:closeMatch	aat:300266668		semapv:UnspecifiedMatching	
wnk:wk012335	nutcracker	skos:exactMatch	aat:300200533		semapv:UnspecifiedMatching	
wnk:wk012337	cityscape (representation)	skos:closeMatch	aat:300015571		semapv:UnspecifiedMatching	
wnk:wk012358	poster	skos:exactMatch	aat:300027221		semapv:UnspecifiedMatching	
wnk:wk012365	doll carriage	skos:exactMatch	aat:300211086		semapv:UnspecifiedMatching	
wnk:wk012366	jigsaw puzzle	skos:exactMatch	aat:300211322		semapv:UnspecifiedMatching	
wnk:wk012368	radio receiver	skos:closeMatch	aat:300248664		semapv:UnspecifiedMatching	
wnk:wk012371	razor blade	skos:exactMatch	aat:300024919		semapv:UnspecifiedMatching	
wnk:wk012372	shaving brush	skos:exactMatch	aat:300236442		semapv:UnspecifiedMatching	
wnk:wk012375	bill (invoice)	skos:exactMatch	aat:300027568		semapv:UnspecifiedMatching	
wnk:wk012399	decoration (ornamental work)	skos:exactMatch	aat:300379003		semapv:UnspecifiedMatching	
wnk:wk012400	dialect	skos:exactMatch	aat:300411969		semapv:UnspecifiedMatching	
wnk:wk012407	food	skos:exactMatch	aat:300254496		semapv:UnspecifiedMatching	
wnk:wk012413	grocery store	skos:closeMatch	aat:300005321		semapv:UnspecifiedMatching	
wnk:wk012454	fruit	skos:broadMatch	aat:300011868		semapv:UnspecifiedMatching	
wnk:wk012455	olive (fruit)	skos:exactMatch	aat:300266440		semapv:UnspecifiedMatching	
wnk:wk012459	pepper (spice)	skos:closeMatch	aat:300389824		semapv:UnspecifiedMatching	
wnk:wk012461	horse (species)	skos:closeMatch	aat:300250148		semapv:UnspecifiedMatching	
wnk:wk012468	rice (food)	skos:exactMatch	aat:300435348		semapv:UnspecifiedMatching	
wnk:wk012471	cattle	skos:broadMatch	aat:300250116		semapv:UnspecifiedMatching	
wnk:wk012481	musical instrument maker	skos:closeMatch	aat:300386303		semapv:UnspecifiedMatching	
wnk:wk012512	teacher	skos:closeMatch	aat:300025529		semapv:UnspecifiedMatching	
wnk:wk012532	Fleischer	skos:exactMatch	aat:300404199		semapv:UnspecifiedMatching	
wnk:wk012573	police officer	skos:exactMatch	aat:300025867		semapv:UnspecifiedMatching	
wnk:wk012579	cyclist (bicycle)	skos:closeMatch	aat:300258988		semapv:UnspecifiedMatching	
wnk:wk012615	noise control	skos:closeMatch	aat:300056382		semapv:UnspecifiedMatching	
wnk:wk012637	midsummer	skos:exactMatch	aat:300379181		semapv:UnspecifiedMatching	
wnk:wk012644	refuse disposal	skos:exactMatch	aat:300055241		semapv:UnspecifiedMatching	
wnk:wk012648	sewing (needleworking technique)	skos:exactMatch	aat:300053658		semapv:UnspecifiedMatching	
wnk:wk012708	Käse (Lebensmittel)	skos:closeMatch	aat:300390514		semapv:UnspecifiedMatching	
wnk:wk012714	jam	skos:closeMatch	aat:300389828		semapv:UnspecifiedMatching	
wnk:wk012720	marzipan	skos:closeMatch	aat:300265208		semapv:UnspecifiedMatching	
wnk:wk012733	noodle	skos:closeMatch	aat:300265413		semapv:UnspecifiedMatching	
wnk:wk012735	olive oil	skos:exactMatch	aat:300014323		semapv:UnspecifiedMatching	
wnk:wk012763	Sukkot	skos:exactMatch	aat:300069629		semapv:UnspecifiedMatching	
wnk:wk012787	combination inorganic/organic material	skos:exactMatch	aat:300010358		semapv:UnspecifiedMatching	
wnk:wk012807	waste disposal	skos:exactMatch	aat:300055239		semapv:UnspecifiedMatching	
wnk:wk012810	alcoholism	skos:exactMatch	aat:300189153		semapv:UnspecifiedMatching	
wnk:wk012819	Ausstechform	skos:exactMatch	aat:300200699		semapv:UnspecifiedMatching	
wnk:wk012820	bread machine	skos:broadMatch	aat:300215755		semapv:UnspecifiedMatching	
wnk:wk012830	brewer	skos:exactMatch	aat:300236161		semapv:UnspecifiedMatching	
wnk:wk012834	Pfannenwender	skos:broadMatch	aat:300209587		semapv:UnspecifiedMatching	
wnk:wk012847	calcium	skos:exactMatch	aat:300264232		semapv:UnspecifiedMatching	
wnk:wk012857	can opener	skos:exactMatch	aat:300200648		semapv:UnspecifiedMatching	
wnk:wk012860	Eierbecher	skos:exactMatch	aat:300043220		semapv:UnspecifiedMatching	
wnk:wk012861	egg poacher	skos:exactMatch	aat:300209580		semapv:UnspecifiedMatching	
wnk:wk012862	egg timer	skos:broadMatch	aat:300247897		semapv:UnspecifiedMatching	
wnk:wk012871	salting (food preservation)	skos:closeMatch	aat:300400676		semapv:UnspecifiedMatching	
wnk:wk012873	ice wagon	skos:closeMatch	aat:300226564		semapv:UnspecifiedMatching	
wnk:wk012877	pitter	skos:exactMatch	aat:300201084		semapv:UnspecifiedMatching	
wnk:wk012879	juicer	skos:exactMatch	aat:300207683		semapv:UnspecifiedMatching	
wnk:wk012895	fisherman	skos:closeMatch	aat:300025608		semapv:UnspecifiedMatching	
wnk:wk012909	braiding	skos:closeMatch	aat:300053638		semapv:UnspecifiedMatching	
wnk:wk012912	meat	skos:exactMatch	aat:300389813		semapv:UnspecifiedMatching	
wnk:wk012917	Fleischwolf	skos:exactMatch	aat:300201098		semapv:UnspecifiedMatching	
wnk:wk012922	fringe	skos:exactMatch	aat:300227830		semapv:UnspecifiedMatching	
wnk:wk012926	liquid	skos:exactMatch	aat:300015378		semapv:UnspecifiedMatching	
wnk:wk012927	chemical (material)	skos:closeMatch	aat:300389811		semapv:UnspecifiedMatching	
wnk:wk012931	animal material by excretions, secretions, and fluids	skos:broadMatch	aat:300191589		semapv:UnspecifiedMatching	
wnk:wk012963	camera	skos:exactMatch	aat:300022636		semapv:UnspecifiedMatching	
wnk:wk012964	jacquard loom	skos:closeMatch	aat:300023516		semapv:UnspecifiedMatching	
wnk:wk012966	sack (generic containers)	skos:closeMatch	aat:300312364		semapv:UnspecifiedMatching	
wnk:wk012967	Litze (Posament)	skos:exactMatch	aat:300232186		semapv:UnspecifiedMatching	
wnk:wk012968	land consolidation	skos:relatedMatch	aat:300055512		semapv:UnspecifiedMatching	
wnk:wk012979	scutching (textile process)	skos:closeMatch	aat:300391089		semapv:UnspecifiedMatching	
wnk:wk012982	yarn	skos:exactMatch	aat:300014252		semapv:UnspecifiedMatching	
wnk:wk012984	restaurateur	skos:exactMatch	aat:300386640		semapv:UnspecifiedMatching	
wnk:wk012985	biscuit box	skos:closeMatch	aat:300237629		semapv:UnspecifiedMatching	
wnk:wk012987	gelatin	skos:closeMatch	aat:300011812		semapv:UnspecifiedMatching	
wnk:wk012997	canteen kitchen	skos:broadMatch	aat:300004514		semapv:UnspecifiedMatching	
wnk:wk013005	eggbeater (gastronomy)	skos:exactMatch	aat:300200443		semapv:UnspecifiedMatching	
wnk:wk013007	craftsman	skos:closeMatch	aat:300025389		semapv:UnspecifiedMatching	
wnk:wk013009	wrap reel	skos:narrowMatch	aat:300023431		semapv:UnspecifiedMatching	
wnk:wk013009	wrap reel	skos:relatedMatch	aat:300263302		semapv:UnspecifiedMatching	
wnk:wk013019	pike (fish)	skos:exactMatch	aat:300386109		semapv:UnspecifiedMatching	
wnk:wk013022	Heidelbeere (Frucht)	skos:exactMatch	aat:300375417		semapv:UnspecifiedMatching	
wnk:wk013024	herring	skos:closeMatch	aat:300261234		semapv:UnspecifiedMatching	
wnk:wk013030	coltsfoot	skos:exactMatch	aat:300386087		semapv:UnspecifiedMatching	
wnk:wk013041	cherry stoner	skos:exactMatch	aat:300215751		semapv:UnspecifiedMatching	
wnk:wk013050	recipe	skos:closeMatch	aat:300027043		semapv:UnspecifiedMatching	
wnk:wk013055	cabbage cutter	skos:exactMatch	aat:300199932		semapv:UnspecifiedMatching	
wnk:wk013061	cord (fiber product)	skos:exactMatch	aat:300014247		semapv:UnspecifiedMatching	
wnk:wk013072	Küchenmaschine	skos:exactMatch	aat:300208281		semapv:UnspecifiedMatching	
wnk:wk013076	kitchen table	skos:exactMatch	aat:300164456		semapv:UnspecifiedMatching	
wnk:wk013079	cooling	skos:exactMatch	aat:300053881		semapv:UnspecifiedMatching	
wnk:wk013080	culinary mill	skos:exactMatch	aat:300201099		semapv:UnspecifiedMatching	
wnk:wk013083	sinkhole	skos:exactMatch	aat:300343547		semapv:UnspecifiedMatching	
wnk:wk013107	wanted poster	skos:closeMatch	aat:300265727		semapv:UnspecifiedMatching	
wnk:wk013122	Vikings	skos:relatedMatch	aat:300019558		semapv:UnspecifiedMatching	
wnk:wk013160	anchorage	skos:exactMatch	aat:300386968		semapv:UnspecifiedMatching	
wnk:wk013167	basketball (court ball games)	skos:exactMatch	aat:300222729		semapv:UnspecifiedMatching	
wnk:wk013168	oath	skos:exactMatch	aat:300027206		semapv:UnspecifiedMatching	
wnk:wk013169	politics	skos:exactMatch	aat:300055537		semapv:UnspecifiedMatching	
wnk:wk013176	authority	skos:closeMatch	aat:300025949		semapv:UnspecifiedMatching	
wnk:wk013182	city administration	skos:exactMatch	aat:300252686		semapv:UnspecifiedMatching	
wnk:wk013198	visit of state	skos:exactMatch	aat:300379045		semapv:UnspecifiedMatching	
wnk:wk013199	delegate	skos:exactMatch	aat:300252566		semapv:UnspecifiedMatching	
wnk:wk013211	scrap metal	skos:exactMatch	aat:300011053		semapv:UnspecifiedMatching	
wnk:wk013212	hazardous waste	skos:exactMatch	aat:300253882		semapv:UnspecifiedMatching	
wnk:wk013216	tank farms	skos:exactMatch	aat:300000676		semapv:UnspecifiedMatching	
wnk:wk013221	people in government and administration	skos:closeMatch	aat:300025426		semapv:UnspecifiedMatching	
wnk:wk013226	mayor	skos:exactMatch	aat:300025468		semapv:UnspecifiedMatching	
wnk:wk013229	local government	skos:closeMatch	aat:300163440		semapv:UnspecifiedMatching	
wnk:wk013249	occupation	skos:exactMatch	aat:300379081		semapv:UnspecifiedMatching	
wnk:wk013253	ski trail	skos:exactMatch	aat:300000625		semapv:UnspecifiedMatching	
wnk:wk013255	badminton	skos:exactMatch	aat:300222728		semapv:UnspecifiedMatching	
wnk:wk013256	baseball (field sport)	skos:exactMatch	aat:300222760		semapv:UnspecifiedMatching	
wnk:wk013258	Degen	skos:narrowMatch	aat:300204490		semapv:UnspecifiedMatching	
wnk:wk013273	gas (material)	skos:exactMatch	aat:300015379		semapv:UnspecifiedMatching	
wnk:wk013274	Schläger (Sportgerät)	skos:narrowMatch	aat:300211249		semapv:UnspecifiedMatching	
wnk:wk013277	lot (landform)	skos:exactMatch	aat:300000837		semapv:UnspecifiedMatching	
wnk:wk013283	weathervane	skos:exactMatch	aat:300192061		semapv:UnspecifiedMatching	
wnk:wk013284	tent (portable building)	skos:exactMatch	aat:300005694		semapv:UnspecifiedMatching	
wnk:wk013286	physical activity by general context	skos:exactMatch	aat:300222468		semapv:UnspecifiedMatching	
wnk:wk013298	metal by quality	skos:closeMatch	aat:300011052		semapv:UnspecifiedMatching	
wnk:wk013301	trade (function)	skos:exactMatch	aat:300061886		semapv:UnspecifiedMatching	
wnk:wk013303	mental activity	skos:closeMatch	aat:300264362		semapv:UnspecifiedMatching	
wnk:wk013305	physical activity by location	skos:exactMatch	aat:300239444		semapv:UnspecifiedMatching	
wnk:wk013306	personal and passive activity	skos:narrowMatch	aat:300379950		semapv:UnspecifiedMatching	
wnk:wk013307	public and interactive activity	skos:closeMatch	aat:300379951		semapv:UnspecifiedMatching	
wnk:wk013309	armed conflict	skos:exactMatch	aat:300185689		semapv:UnspecifiedMatching	
wnk:wk013312	Schacht (Bauwesen)	skos:closeMatch	aat:300004316		semapv:UnspecifiedMatching	
wnk:wk013313	educational functions	skos:exactMatch	aat:300132460		semapv:UnspecifiedMatching	
wnk:wk013347	wages	skos:closeMatch	aat:300055686		semapv:UnspecifiedMatching	
wnk:wk013349	payroll (book)	skos:exactMatch	aat:300027502		semapv:UnspecifiedMatching	
wnk:wk013350	payroll (list)	skos:closeMatch	aat:300027502		semapv:UnspecifiedMatching	
wnk:wk013354	grinding	skos:exactMatch	aat:300053090		semapv:UnspecifiedMatching	
wnk:wk013355	sweet corn	skos:exactMatch	aat:300011903		semapv:UnspecifiedMatching	
wnk:wk013357	almond grinder	skos:exactMatch	aat:300429632		semapv:UnspecifiedMatching	
wnk:wk013362	flour	skos:closeMatch	aat:300389812		semapv:UnspecifiedMatching	
wnk:wk013364	measuring cup	skos:exactMatch	aat:300198981		semapv:UnspecifiedMatching	
wnk:wk013365	Metzgerei	skos:closeMatch	aat:300262995		semapv:UnspecifiedMatching	
wnk:wk013369	hand mixer	skos:exactMatch	aat:300215757		semapv:UnspecifiedMatching	
wnk:wk013375	pattern (design element)	skos:exactMatch	aat:300010108		semapv:UnspecifiedMatching	
wnk:wk013376	sample book	skos:closeMatch	aat:300027337		semapv:UnspecifiedMatching	
wnk:wk013393	pasta machine	skos:exactMatch	aat:300221186		semapv:UnspecifiedMatching	
wnk:wk013396	livestock	skos:narrowMatch	aat:300250280		semapv:UnspecifiedMatching	
wnk:wk013400	party service	skos:exactMatch	aat:300404583		semapv:UnspecifiedMatching	
wnk:wk013408	plum (fruit)	skos:exactMatch	aat:300266438		semapv:UnspecifiedMatching	
wnk:wk013413	polyester (fiber)	skos:exactMatch	aat:300379829		semapv:UnspecifiedMatching	
wnk:wk013421	smoking (food preservation)	skos:exactMatch	aat:300400675		semapv:UnspecifiedMatching	
wnk:wk013424	retting	skos:closeMatch	aat:300265605		semapv:UnspecifiedMatching	
wnk:wk013443	mixer	skos:exactMatch	aat:300208278		semapv:UnspecifiedMatching	
wnk:wk013446	Plumpsklo	skos:exactMatch	aat:300137896		semapv:UnspecifiedMatching	
wnk:wk013452	Aufgabenbereiche im Gesundheitswesen	skos:relatedMatch	aat:300132463		semapv:UnspecifiedMatching	
wnk:wk013478	imitative material	skos:exactMatch	aat:300137291		semapv:UnspecifiedMatching	
wnk:wk013479	nickel and nickel alloy	skos:exactMatch	aat:300241465		semapv:UnspecifiedMatching	
wnk:wk013483	aircraft and spacecraft component	skos:exactMatch	aat:300212613		semapv:UnspecifiedMatching	
wnk:wk013484	racetracks (complexes)	skos:closeMatch	aat:300000593		semapv:UnspecifiedMatching	
wnk:wk013487	hardwood	skos:exactMatch	aat:300011916		semapv:UnspecifiedMatching	
wnk:wk013490	terrace (landscaped-site element)	skos:exactMatch	aat:300004182		semapv:UnspecifiedMatching	
wnk:wk013500	bitumen	skos:exactMatch	aat:300012976		semapv:UnspecifiedMatching	
wnk:wk013501	mollusk	skos:exactMatch	aat:300266510		semapv:UnspecifiedMatching	
wnk:wk013504	bath, dressing and sanitary spaces	skos:closeMatch	aat:300004189		semapv:UnspecifiedMatching	
wnk:wk013506	tar	skos:exactMatch	aat:300012991		semapv:UnspecifiedMatching	
wnk:wk013509	wood by form or function	skos:exactMatch	aat:300012776		semapv:UnspecifiedMatching	
wnk:wk013510	modified plant material	skos:closeMatch	aat:300012860		semapv:UnspecifiedMatching	
wnk:wk013515	ceramic ware (visual work)	skos:exactMatch	aat:300151343		semapv:UnspecifiedMatching	
wnk:wk013517	history and related discipline	skos:closeMatch	aat:300137363		semapv:UnspecifiedMatching	
wnk:wk013530	gymnastics (sport)	skos:exactMatch	aat:300222782		semapv:UnspecifiedMatching	
wnk:wk013556	ideology	skos:exactMatch	aat:300258340		semapv:UnspecifiedMatching	
wnk:wk013558	Aufgabenbereiche in der Betriebswirtschaft und verwandten Bereichen	skos:exactMatch	aat:300189718		semapv:UnspecifiedMatching	
wnk:wk013559	selling	skos:exactMatch	aat:300078131		semapv:UnspecifiedMatching	
wnk:wk013660	winter sport	skos:closeMatch	aat:300239454		semapv:UnspecifiedMatching	
wnk:wk013729	souvenir	skos:closeMatch	aat:300028886		semapv:UnspecifiedMatching	
wnk:wk013746	keratinous material	skos:closeMatch	aat:300192973		semapv:UnspecifiedMatching	
wnk:wk013818	satin	skos:exactMatch	aat:300132902		semapv:UnspecifiedMatching	
wnk:wk013831	sash (costume accessory)	skos:exactMatch	aat:300216864		semapv:UnspecifiedMatching	
wnk:wk013832	showcases	skos:closeMatch	aat:300144148		semapv:UnspecifiedMatching	
wnk:wk013841	textile warp sizing	skos:broadMatch	aat:300053874		semapv:UnspecifiedMatching	
wnk:wk013843	shot glass	skos:exactMatch	aat:300197169		semapv:UnspecifiedMatching	
wnk:wk013849	pressure cooker	skos:closeMatch	aat:300198591		semapv:UnspecifiedMatching	
wnk:wk013850	chocolate (sweets)	skos:closeMatch	aat:300387485		semapv:UnspecifiedMatching	
wnk:wk013859	swingle (textile tool)	skos:closeMatch	aat:300023433		semapv:UnspecifiedMatching	
wnk:wk013875	menu	skos:closeMatch	aat:300027191		semapv:UnspecifiedMatching	
wnk:wk013877	banner	skos:closeMatch	aat:300195679		semapv:UnspecifiedMatching	
wnk:wk013886	Sterilisation (Hygiene)	skos:exactMatch	aat:300223824		semapv:UnspecifiedMatching	
wnk:wk013892	soup	skos:closeMatch	aat:300389823		semapv:UnspecifiedMatching	
wnk:wk013901	pest control	skos:exactMatch	aat:300224969		semapv:UnspecifiedMatching	
wnk:wk013912	grinding (abrasive cutting)	skos:exactMatch	aat:300053090		semapv:UnspecifiedMatching	
wnk:wk013951	shepherd	skos:closeMatch	aat:300025617		semapv:UnspecifiedMatching	
wnk:wk013960	tailor	skos:exactMatch	aat:300025365		semapv:UnspecifiedMatching	
wnk:wk013964	shoemaker	skos:exactMatch	aat:300025294		semapv:UnspecifiedMatching	
wnk:wk013983	soldier	skos:broadMatch	aat:300185678		semapv:UnspecifiedMatching	
wnk:wk013988	mustard (spice)	skos:closeMatch	aat:300311365		semapv:UnspecifiedMatching	
wnk:wk013994	milk	skos:exactMatch	aat:300191622		semapv:UnspecifiedMatching	
wnk:wk014024	chalupa (boat)	skos:closeMatch	aat:300212979		semapv:UnspecifiedMatching	
wnk:wk014033	umbrella	skos:closeMatch	aat:300046227		semapv:UnspecifiedMatching	
wnk:wk014035	horse-drawn sleigh	skos:narrowMatch	aat:300212882		semapv:UnspecifiedMatching	
wnk:wk014035	horse-drawn sleigh	skos:narrowMatch	aat:300216402		semapv:UnspecifiedMatching	
wnk:wk014043	Schokoladenform	skos:closeMatch	aat:300395549		semapv:UnspecifiedMatching	
wnk:wk014046	typewriter	skos:closeMatch	aat:300189134		semapv:UnspecifiedMatching	
wnk:wk014049	wheelbarrow	skos:closeMatch	aat:300212906		semapv:UnspecifiedMatching	
wnk:wk014051	schoolbag	skos:exactMatch	aat:300046202		semapv:UnspecifiedMatching	
wnk:wk014052	flat-bottomed boat	skos:broadMatch	aat:300232673		semapv:UnspecifiedMatching	
wnk:wk014058	Easter decoration	skos:broadMatch	aat:300387435		semapv:UnspecifiedMatching	
wnk:wk014073	sith	skos:exactMatch	aat:300395637		semapv:UnspecifiedMatching	
wnk:wk014075	ski	skos:narrowMatch	aat:300230122		semapv:UnspecifiedMatching	
wnk:wk014082	National Socialism	skos:closeMatch	aat:300055524		semapv:UnspecifiedMatching	
wnk:wk014083	examination (function)	skos:exactMatch	aat:300226216		semapv:UnspecifiedMatching	
wnk:wk014124	stonemason	skos:exactMatch	aat:300025045		semapv:UnspecifiedMatching	
wnk:wk014155	tray	skos:exactMatch	aat:300043071		semapv:UnspecifiedMatching	
wnk:wk014157	tabby weave	skos:closeMatch	aat:300312167		semapv:UnspecifiedMatching	
wnk:wk014161	tea (beverage)	skos:exactMatch	aat:300249828		semapv:UnspecifiedMatching	
wnk:wk014163	dough	skos:exactMatch	aat:300390975		semapv:UnspecifiedMatching	
wnk:wk014165	rolling pin	skos:exactMatch	aat:300200727		semapv:UnspecifiedMatching	
wnk:wk014168	counters	skos:exactMatch	aat:300121378		semapv:UnspecifiedMatching	
wnk:wk014169	vacuum bottle	skos:broadMatch	aat:300400477		semapv:UnspecifiedMatching	
wnk:wk014170	freezing	skos:closeMatch	aat:300053883		semapv:UnspecifiedMatching	
wnk:wk014172	freezer	skos:closeMatch	aat:300215749		semapv:UnspecifiedMatching	
wnk:wk014180	toaster	skos:exactMatch	aat:300201085		semapv:UnspecifiedMatching	
wnk:wk014181	Tomate (Frucht)	skos:closeMatch	aat:300266435		semapv:UnspecifiedMatching	
wnk:wk014188	galloon	skos:closeMatch	aat:300231784		semapv:UnspecifiedMatching	
wnk:wk014190	drying	skos:exactMatch	aat:300053758		semapv:UnspecifiedMatching	
wnk:wk014194	survey	skos:exactMatch	aat:300027265		semapv:UnspecifiedMatching	
wnk:wk014199	Verband (Organisation)	skos:exactMatch	aat:300025948		semapv:UnspecifiedMatching	
wnk:wk014204	stockpiling	skos:closeMatch	aat:300056390		semapv:UnspecifiedMatching	
wnk:wk014205	pantry	skos:exactMatch	aat:300004479		semapv:UnspecifiedMatching	
wnk:wk014212	weaver	skos:closeMatch	aat:300025367		semapv:UnspecifiedMatching	
wnk:wk014225	Weizen	skos:closeMatch	aat:300343825		semapv:UnspecifiedMatching	
wnk:wk014229	pennants	skos:closeMatch	aat:300195680		semapv:UnspecifiedMatching	
wnk:wk014240	chopping	skos:exactMatch	aat:300379799		semapv:UnspecifiedMatching	
wnk:wk014245	domestic goat	skos:closeMatch	aat:300250122		semapv:UnspecifiedMatching	
wnk:wk014248	Zitrusfrucht	skos:exactMatch	aat:300266420		semapv:UnspecifiedMatching	
wnk:wk014249	Zitronenpresse	skos:closeMatch	aat:300207688		semapv:UnspecifiedMatching	
wnk:wk014251	sugar	skos:exactMatch	aat:300183931		semapv:UnspecifiedMatching	
wnk:wk014252	sugar box	skos:closeMatch	aat:300043069		semapv:UnspecifiedMatching	
wnk:wk014273	grape	skos:relatedMatch	aat:300379338		semapv:UnspecifiedMatching	
wnk:wk014294	vacuum cleaners	skos:exactMatch	aat:300246010		semapv:UnspecifiedMatching	
wnk:wk014303	handkerchief	skos:closeMatch	aat:300216195		semapv:UnspecifiedMatching	
wnk:wk014305	telephone	skos:closeMatch	aat:300249768		semapv:UnspecifiedMatching	
wnk:wk014308	place card	skos:closeMatch	aat:300207391		semapv:UnspecifiedMatching	
wnk:wk014309	tape decks	skos:closeMatch	aat:300265799		semapv:UnspecifiedMatching	
wnk:wk014331	drinking water	skos:exactMatch	aat:300011778		semapv:UnspecifiedMatching	
wnk:wk014335	topographic map	skos:exactMatch	aat:300028361		semapv:UnspecifiedMatching	
wnk:wk014362	larch (wood)	skos:exactMatch	aat:300012604		semapv:UnspecifiedMatching	
wnk:wk014366	embroidery	skos:closeMatch	aat:300264024		semapv:UnspecifiedMatching	
wnk:wk014367	softwood	skos:closeMatch	aat:300012510		semapv:UnspecifiedMatching	
wnk:wk014417	fencing	skos:closeMatch	aat:300379753		semapv:UnspecifiedMatching	
wnk:wk014421	Flugsport	skos:relatedMatch	aat:300193782		semapv:UnspecifiedMatching	
wnk:wk014442	parade (event)	skos:closeMatch	aat:300069283		semapv:UnspecifiedMatching	
wnk:wk014443	accident	skos:exactMatch	aat:300250476		semapv:UnspecifiedMatching	
wnk:wk014446	vacation	skos:closeMatch	aat:300193790		semapv:UnspecifiedMatching	
wnk:wk014467	Weinbau	skos:broadMatch	aat:300389852		semapv:UnspecifiedMatching	
wnk:wk014484	Word War II	skos:broadMatch	aat:300247280		semapv:UnspecifiedMatching	
wnk:wk014486	May Day	skos:exactMatch	aat:300379726		semapv:UnspecifiedMatching	
wnk:wk014488	Unternehmer	skos:closeMatch	aat:300025222		semapv:UnspecifiedMatching	
wnk:wk014494	peddler	skos:closeMatch	aat:300025250		semapv:UnspecifiedMatching	
wnk:wk014503	winegrower	skos:narrowMatch	aat:300136471		semapv:UnspecifiedMatching	
wnk:wk014513	roofer	skos:closeMatch	aat:300025033		semapv:UnspecifiedMatching	
wnk:wk014527	lemon (fruit)	skos:exactMatch	aat:300266423		semapv:UnspecifiedMatching	
wnk:wk014528	Zucchini (Frucht)	skos:closeMatch	aat:300343543		semapv:UnspecifiedMatching	
wnk:wk014540	roller (agricultural tool)	skos:closeMatch	aat:300022277		semapv:UnspecifiedMatching	
wnk:wk014544	water pipe	skos:closeMatch	aat:300263308		semapv:UnspecifiedMatching	
wnk:wk014547	alarm clock	skos:closeMatch	aat:300207458		semapv:UnspecifiedMatching	
wnk:wk014552	christmas decoration	skos:broadMatch	aat:300387435		semapv:UnspecifiedMatching	
wnk:wk014568	travel trailer	skos:closeMatch	aat:300134178		semapv:UnspecifiedMatching	
wnk:wk014584	folk art (traditional art)	skos:closeMatch	aat:300056487		semapv:UnspecifiedMatching	
wnk:wk014590	winter	skos:exactMatch	aat:300133101		semapv:UnspecifiedMatching	
wnk:wk014596	packing material	skos:closeMatch	aat:300254740		semapv:UnspecifiedMatching	
wnk:wk014611	Brand Name (facet)	skos:exactMatch	aat:300343372		semapv:UnspecifiedMatching	
wnk:wk014617	rock by form	skos:exactMatch	aat:300201479		semapv:UnspecifiedMatching	
wnk:wk014648	saddle quern	skos:exactMatch	aat:300263933		semapv:UnspecifiedMatching	
wnk:wk014677	fencing (activity)	skos:exactMatch	aat:300379753		semapv:UnspecifiedMatching	
wnk:wk014678	martial arts	skos:exactMatch	aat:300379985		semapv:UnspecifiedMatching	
wnk:wk014685	containers for storing or transporting food	skos:exactMatch	aat:300198762		semapv:UnspecifiedMatching	
wnk:wk014686	food- and beverage-making process and technique	skos:exactMatch	aat:300189476		semapv:UnspecifiedMatching	
wnk:wk014688	temperature-related physicochemical processes	skos:exactMatch	aat:300229488		semapv:UnspecifiedMatching	
wnk:wk014695	food preservation	skos:broadMatch	aat:300266154		semapv:UnspecifiedMatching	
wnk:wk014706	trimmings (material)	skos:closeMatch	aat:300183798		semapv:UnspecifiedMatching	
wnk:wk014737	poultry (meat)	skos:closeMatch	aat:300250036		semapv:UnspecifiedMatching	
wnk:wk014739	Rubus fruticosus (species)	skos:exactMatch	aat:300375427		semapv:UnspecifiedMatching	
wnk:wk014751	Caprifoliaceae (family)	skos:exactMatch	aat:300375567		semapv:UnspecifiedMatching	
wnk:wk014764	culinary tool for opening	skos:exactMatch	aat:300201102		semapv:UnspecifiedMatching	
wnk:wk014765	vessel for serving drinks	skos:exactMatch	aat:300198808		semapv:UnspecifiedMatching	
wnk:wk014769	tea service	skos:exactMatch	aat:300227686		semapv:UnspecifiedMatching	
wnk:wk014770	Gemüsehobel	skos:exactMatch	aat:300200161		semapv:UnspecifiedMatching	
wnk:wk014771	Lamiaceae (family)	skos:exactMatch	aat:300343893		semapv:UnspecifiedMatching	
wnk:wk014772	bulb (plant component)	skos:exactMatch	aat:300132378		semapv:UnspecifiedMatching	
wnk:wk014782	author	skos:closeMatch	aat:300025492		semapv:UnspecifiedMatching	
wnk:wk014784	printing firm	skos:exactMatch	aat:300386347		semapv:UnspecifiedMatching	
wnk:wk014785	owner	skos:exactMatch	aat:300203630		semapv:UnspecifiedMatching	
wnk:wk014797	use	skos:exactMatch	aat:300068844		semapv:UnspecifiedMatching	
wnk:wk014801	bouquet	skos:closeMatch	aat:300387430		semapv:UnspecifiedMatching	
wnk:wk014802	Standmixer	skos:exactMatch	aat:300208276		semapv:UnspecifiedMatching	
wnk:wk014913	acid	skos:closeMatch	aat:300011752		semapv:UnspecifiedMatching	
wnk:wk014914	acetic acid	skos:exactMatch	aat:300011753		semapv:UnspecifiedMatching	
wnk:wk014929	Aufgabenbereich im Umgang mit Informationen	skos:exactMatch	aat:300075493		semapv:UnspecifiedMatching	
wnk:wk014933	Aufzeichnung	skos:exactMatch	aat:300077610		semapv:UnspecifiedMatching	
wnk:wk014938	publishing house	skos:exactMatch	aat:300025574		semapv:UnspecifiedMatching	
wnk:wk014941	liqueur glass	skos:exactMatch	aat:300043242		semapv:UnspecifiedMatching	
wnk:wk014976	confectionery (food)	skos:narrowMatch	aat:300250954		semapv:UnspecifiedMatching	
wnk:wk014993	badge	skos:exactMatch	aat:300193994		semapv:UnspecifiedMatching	
wnk:wk015004	allergy	skos:exactMatch	aat:300255420		semapv:UnspecifiedMatching	
wnk:wk015010	aluminum foil	skos:closeMatch	aat:300391084		semapv:UnspecifiedMatching	
wnk:wk015015	Ananas (Frucht)	skos:exactMatch	aat:300375583		semapv:UnspecifiedMatching	
wnk:wk015019	trailer (vehicle)	skos:exactMatch	aat:300212903		semapv:UnspecifiedMatching	
wnk:wk015023	instructions	skos:exactMatch	aat:300027042		semapv:UnspecifiedMatching	
wnk:wk015036	apple parer	skos:closeMatch	aat:300199911		semapv:UnspecifiedMatching	
wnk:wk015040	orange (fruit)	skos:exactMatch	aat:300266271		semapv:UnspecifiedMatching	
wnk:wk015055	Arbeitslosigkeit	skos:exactMatch	aat:300055709		semapv:UnspecifiedMatching	
wnk:wk015057	workplace	skos:closeMatch	aat:300004505		semapv:UnspecifiedMatching	
wnk:wk015057	workplace	skos:narrowMatch	aat:300259547		semapv:UnspecifiedMatching	
wnk:wk015058	occupational safety	skos:closeMatch	aat:300179384		semapv:UnspecifiedMatching	
wnk:wk015063	bracelet (jewelry)	skos:broadMatch	aat:300045991		semapv:UnspecifiedMatching	
wnk:wk015064	wrist watch	skos:closeMatch	aat:300205438		semapv:UnspecifiedMatching	
wnk:wk015066	physician	skos:closeMatch	aat:300025809		semapv:UnspecifiedMatching	
wnk:wk015077	sticker	skos:closeMatch	aat:300207379		semapv:UnspecifiedMatching	
wnk:wk015079	casserole (baking dish)	skos:exactMatch	aat:300227048		semapv:UnspecifiedMatching	
wnk:wk015096	extension tables	skos:closeMatch	aat:300039653		semapv:UnspecifiedMatching	
wnk:wk015105	sheet pan	skos:narrowMatch	aat:300200744		semapv:UnspecifiedMatching	
wnk:wk015121	Bakelite (TM)	skos:closeMatch	aat:300014544		semapv:UnspecifiedMatching	
wnk:wk015126	balloon	skos:exactMatch	aat:300264568		semapv:UnspecifiedMatching	
wnk:wk015127	banana (fruit)	skos:exactMatch	aat:300266434		semapv:UnspecifiedMatching	
wnk:wk015130	bank (building)	skos:closeMatch	aat:300005214		semapv:UnspecifiedMatching	
wnk:wk015132	bank account	skos:closeMatch	aat:300145802		semapv:UnspecifiedMatching	
wnk:wk015134	barometer	skos:exactMatch	aat:300195808		semapv:UnspecifiedMatching	
wnk:wk015138	constructon worker	skos:exactMatch	aat:300025001		semapv:UnspecifiedMatching	
wnk:wk015141	rustic painting	skos:relatedMatch	aat:300310541		semapv:UnspecifiedMatching	
wnk:wk015143	Bauherr	skos:broadMatch	aat:300025001		semapv:UnspecifiedMatching	
wnk:wk015145	government employee	skos:exactMatch	aat:300113288		semapv:UnspecifiedMatching	
wnk:wk015147	operating instructions	skos:exactMatch	aat:300026413		semapv:UnspecifiedMatching	
wnk:wk015155	occasional table	skos:closeMatch	aat:300039752		semapv:UnspecifiedMatching	
wnk:wk015160	worker	skos:closeMatch	aat:300025886		semapv:UnspecifiedMatching	
wnk:wk015163	Besen	skos:closeMatch	aat:300024758		semapv:UnspecifiedMatching	
wnk:wk015164	cutlery box	skos:closeMatch	aat:300411578		semapv:UnspecifiedMatching	
wnk:wk015169	bag	skos:exactMatch	aat:300194509		semapv:UnspecifiedMatching	
wnk:wk015180	pear	skos:exactMatch	aat:300375178		semapv:UnspecifiedMatching	
wnk:wk015195	bellows	skos:exactMatch	aat:300024643		semapv:UnspecifiedMatching	
wnk:wk015207	flower (motif)	skos:exactMatch	aat:300375563		semapv:UnspecifiedMatching	
wnk:wk015217	roaster (cookware)	skos:closeMatch	aat:300196792		semapv:UnspecifiedMatching	
wnk:wk015228	brush (implement)	skos:broadMatch	aat:300024760		semapv:UnspecifiedMatching	
wnk:wk015230	Buttermodel	skos:closeMatch	aat:300199926		semapv:UnspecifiedMatching	
wnk:wk015231	Scotch hands	skos:closeMatch	aat:300200769		semapv:UnspecifiedMatching	
wnk:wk015240	damask (textile)	skos:exactMatch	aat:300163295		semapv:UnspecifiedMatching	
wnk:wk015247	can capping machine	skos:exactMatch	aat:300422526		semapv:UnspecifiedMatching	
wnk:wk015249	wire brush	skos:exactMatch	aat:300202390		semapv:UnspecifiedMatching	
wnk:wk015252	exhaust hood	skos:closeMatch	aat:300375097		semapv:UnspecifiedMatching	
wnk:wk015253	colander	skos:exactMatch	aat:300200469		semapv:UnspecifiedMatching	
wnk:wk015254	corner shelf	skos:exactMatch	aat:300164414		semapv:UnspecifiedMatching	
wnk:wk015256	oak leaf (motif)	skos:exactMatch	aat:300256630		semapv:UnspecifiedMatching	
wnk:wk015257	squirrel	skos:exactMatch	aat:300250601		semapv:UnspecifiedMatching	
wnk:wk015259	egg slicer	skos:exactMatch	aat:300220959		semapv:UnspecifiedMatching	
wnk:wk015262	filling in	skos:narrowMatch	aat:300053092		semapv:UnspecifiedMatching	
wnk:wk015262	filling in	skos:narrowMatch	aat:300250952		semapv:UnspecifiedMatching	
wnk:wk015268	furnishing (work)	skos:closeMatch	aat:300037336		semapv:UnspecifiedMatching	
wnk:wk015272	elasticity	skos:closeMatch	aat:300056196		semapv:UnspecifiedMatching	
wnk:wk015276	enamel	skos:exactMatch	aat:300178264		semapv:UnspecifiedMatching	
wnk:wk015277	Emaillierung	skos:exactMatch	aat:300014910		semapv:UnspecifiedMatching	
wnk:wk015280	World War I	skos:broadMatch	aat:300247280		semapv:UnspecifiedMatching	
wnk:wk015281	tablespoon	skos:exactMatch	aat:300266657		semapv:UnspecifiedMatching	
wnk:wk015282	label	skos:exactMatch	aat:300028730		semapv:UnspecifiedMatching	
wnk:wk015283	etiquette	skos:exactMatch	aat:300055810		semapv:UnspecifiedMatching	
wnk:wk015286	bicycle bag	skos:broadMatch	aat:300237746		semapv:UnspecifiedMatching	
wnk:wk015287	falcon	skos:exactMatch	aat:300250051		semapv:UnspecifiedMatching	
wnk:wk015288	paintbox	skos:closeMatch	aat:300210313		semapv:UnspecifiedMatching	
wnk:wk015289	common pheasant	skos:exactMatch	aat:300250085		semapv:UnspecifiedMatching	
wnk:wk015295	herringbone	skos:closeMatch	aat:300010138		semapv:UnspecifiedMatching	
wnk:wk015302	Fleischklopfer	skos:exactMatch	aat:300209584		semapv:UnspecifiedMatching	
wnk:wk015306	backsplash	skos:broadMatch	aat:300375107		semapv:UnspecifiedMatching	
wnk:wk015308	form (documents)	skos:closeMatch	aat:300049060		semapv:UnspecifiedMatching	
wnk:wk015309	questionnaire	skos:closeMatch	aat:300027265		semapv:UnspecifiedMatching	
wnk:wk015311	food wrap	skos:closeMatch	aat:300425895		semapv:UnspecifiedMatching	
wnk:wk015312	Fritteuse	skos:exactMatch	aat:300196487		semapv:UnspecifiedMatching	
wnk:wk015315	fruit (plant component)	skos:broadMatch	aat:300011868		semapv:UnspecifiedMatching	
wnk:wk015323	wardrobe	skos:exactMatch	aat:300039237		semapv:UnspecifiedMatching	
wnk:wk015325	cookie press	skos:exactMatch	aat:300209477		semapv:UnspecifiedMatching	
wnk:wk015332	geography	skos:exactMatch	aat:300054388		semapv:UnspecifiedMatching	
wnk:wk015343	belt	skos:narrowMatch	aat:300024878		semapv:UnspecifiedMatching	
wnk:wk015343	belt	skos:narrowMatch	aat:300210002		semapv:UnspecifiedMatching	
wnk:wk015346	hanging cupboard	skos:closeMatch	aat:300039298		semapv:UnspecifiedMatching	
wnk:wk015350	heating	skos:exactMatch	aat:300053885		semapv:UnspecifiedMatching	
wnk:wk015354	stoat	skos:closeMatch	aat:300250167		semapv:UnspecifiedMatching	
wnk:wk015358	Hosenträger	skos:exactMatch	aat:300209996		semapv:UnspecifiedMatching	
wnk:wk015363	hygiene	skos:exactMatch	aat:300379164		semapv:UnspecifiedMatching	
wnk:wk015366	Jäger (Forstwirtschaft)	skos:closeMatch	aat:300025619		semapv:UnspecifiedMatching	
wnk:wk015368	teaspoon	skos:broadMatch	aat:300043180		semapv:UnspecifiedMatching	
wnk:wk015369	coffee cup	skos:exactMatch	aat:300043216		semapv:UnspecifiedMatching	
wnk:wk015370	emperor	skos:closeMatch	aat:300025480		semapv:UnspecifiedMatching	
wnk:wk015373	calf (cattle)	skos:broadMatch	aat:300310537		semapv:UnspecifiedMatching	
wnk:wk015384	coat hangers	skos:exactMatch	aat:300236278		semapv:UnspecifiedMatching	
wnk:wk015386	hook and loop fastener	skos:narrowMatch	aat:300239275		semapv:UnspecifiedMatching	
wnk:wk015394	confectionery (shop)	skos:broadMatch	aat:300005305		semapv:UnspecifiedMatching	
wnk:wk015398	cork (stopper)	skos:exactMatch	aat:300203448		semapv:UnspecifiedMatching	
wnk:wk015402	cake plate	skos:exactMatch	aat:300043000		semapv:UnspecifiedMatching	
wnk:wk015403	kitchen chairs	skos:exactMatch	aat:300038383		semapv:UnspecifiedMatching	
wnk:wk015407	lampshade	skos:closeMatch	aat:300037661		semapv:UnspecifiedMatching	
wnk:wk015408	textbook	skos:exactMatch	aat:300026384		semapv:UnspecifiedMatching	
wnk:wk015409	bookmark	skos:closeMatch	aat:300235760		semapv:UnspecifiedMatching	
wnk:wk015413	aviation	skos:exactMatch	aat:300193782		semapv:UnspecifiedMatching	
wnk:wk015414	airforce	skos:closeMatch	aat:300137545		semapv:UnspecifiedMatching	
wnk:wk015417	martens (genus)	skos:closeMatch	aat:300250169		semapv:UnspecifiedMatching	
wnk:wk015418	navy	skos:closeMatch	aat:300137544		semapv:UnspecifiedMatching	
wnk:wk015419	able seaman (occupation)	skos:exactMatch	aat:300136375		semapv:UnspecifiedMatching	
wnk:wk015422	measuring	skos:exactMatch	aat:300053578		semapv:UnspecifiedMatching	
wnk:wk015423	knife sharpener	skos:exactMatch	aat:300435527		semapv:UnspecifiedMatching	
wnk:wk015424	microwave oven	skos:exactMatch	aat:300200798		semapv:UnspecifiedMatching	
wnk:wk015427	moire (textile)	skos:exactMatch	aat:300400593		semapv:UnspecifiedMatching	
wnk:wk015430	monk	skos:closeMatch	aat:300025765		semapv:UnspecifiedMatching	
wnk:wk015434	clove (spice)	skos:relatedMatch	aat:300375401		semapv:UnspecifiedMatching	
wnk:wk015438	fruit knife	skos:closeMatch	aat:300043127		semapv:UnspecifiedMatching	
wnk:wk015442	papier mâché	skos:exactMatch	aat:300014245		semapv:UnspecifiedMatching	
wnk:wk015446	whip (striking tool)	skos:closeMatch	aat:300255555		semapv:UnspecifiedMatching	
wnk:wk015447	Pergament	skos:exactMatch	aat:300011851		semapv:UnspecifiedMatching	
wnk:wk015448	Petroleum	skos:exactMatch	aat:300015267		semapv:UnspecifiedMatching	
wnk:wk015454	pudding mould	skos:relatedMatch	aat:300201103		semapv:UnspecifiedMatching	
wnk:wk015455	doll (toy)	skos:closeMatch	aat:300221680		semapv:UnspecifiedMatching	
wnk:wk015456	dollhouse	skos:exactMatch	aat:300136025		semapv:UnspecifiedMatching	
wnk:wk015459	receipt	skos:exactMatch	aat:300027573		semapv:UnspecifiedMatching	
wnk:wk015465	raisin	skos:exactMatch	aat:300411356		semapv:UnspecifiedMatching	
wnk:wk015467	back (furniture component)	skos:closeMatch	aat:300167577		semapv:UnspecifiedMatching	
wnk:wk015470	cream (milk)	skos:closeMatch	aat:300266243		semapv:UnspecifiedMatching	
wnk:wk015475	scrapbook	skos:closeMatch	aat:300027341		semapv:UnspecifiedMatching	
wnk:wk015476	collectible card	skos:exactMatch	aat:300192646		semapv:UnspecifiedMatching	
wnk:wk015478	sandglass	skos:exactMatch	aat:300206197		semapv:UnspecifiedMatching	
wnk:wk015479	sauceboat	skos:closeMatch	aat:300218762		semapv:UnspecifiedMatching	
wnk:wk015483	sheepskin	skos:broadMatch	aat:300193374		semapv:UnspecifiedMatching	
wnk:wk015486	peeler	skos:closeMatch	aat:300199906		semapv:UnspecifiedMatching	
wnk:wk015489	skimmer (utensil)	skos:exactMatch	aat:300209581		semapv:UnspecifiedMatching	
wnk:wk015490	umbrella stand	skos:closeMatch	aat:300039852		semapv:UnspecifiedMatching	
wnk:wk015496	cutting board	skos:closeMatch	aat:300215863		semapv:UnspecifiedMatching	
wnk:wk015497	cutting (dividing)	skos:exactMatch	aat:300053069		semapv:UnspecifiedMatching	
wnk:wk015501	sailing ship	skos:closeMatch	aat:300125446		semapv:UnspecifiedMatching	
wnk:wk015506	serving table	skos:exactMatch	aat:300403907		semapv:UnspecifiedMatching	
wnk:wk015507	napkin	skos:closeMatch	aat:300216644		semapv:UnspecifiedMatching	
wnk:wk015511	sieving	skos:exactMatch	aat:300379980		semapv:UnspecifiedMatching	
wnk:wk015513	silicone	skos:narrowMatch	aat:300014558		semapv:UnspecifiedMatching	
wnk:wk015516	bankbook	skos:exactMatch	aat:300027478		semapv:UnspecifiedMatching	
wnk:wk015530	soup plate	skos:exactMatch	aat:300198537		semapv:UnspecifiedMatching	
wnk:wk015533	dinner service	skos:closeMatch	aat:300227296		semapv:UnspecifiedMatching	
wnk:wk015536	teapot	skos:closeMatch	aat:300043022		semapv:UnspecifiedMatching	
wnk:wk015538	tea strainer	skos:exactMatch	aat:300200841		semapv:UnspecifiedMatching	
wnk:wk015539	teacup	skos:exactMatch	aat:300043226		semapv:UnspecifiedMatching	
wnk:wk015540	temperature	skos:closeMatch	aat:300056066		semapv:UnspecifiedMatching	
wnk:wk015541	thermometer	skos:exactMatch	aat:300198647		semapv:UnspecifiedMatching	
wnk:wk015542	Tierpräparat	skos:exactMatch	aat:300375231		semapv:UnspecifiedMatching	
wnk:wk015544	runner (furniture covering)	skos:broadMatch	aat:300204934		semapv:UnspecifiedMatching	
wnk:wk015545	placemat	skos:closeMatch	aat:300204964		semapv:UnspecifiedMatching	
wnk:wk015547	potholder	skos:closeMatch	aat:300215743		semapv:UnspecifiedMatching	
wnk:wk015550	coaster (container)	skos:closeMatch	aat:300196479		semapv:UnspecifiedMatching	
wnk:wk015553	insurance policy	skos:closeMatch	aat:300027527		semapv:UnspecifiedMatching	
wnk:wk015555	business card	skos:exactMatch	aat:300026767		semapv:UnspecifiedMatching	
wnk:wk015556	waffle iron	skos:exactMatch	aat:300200164		semapv:UnspecifiedMatching	
wnk:wk015560	clothespin	skos:exactMatch	aat:300395627		semapv:UnspecifiedMatching	
wnk:wk015563	wine glass	skos:closeMatch	aat:300043246		semapv:UnspecifiedMatching	
wnk:wk015571	weather	skos:closeMatch	aat:300055366		semapv:UnspecifiedMatching	
wnk:wk015579	toothpick	skos:exactMatch	aat:300236468		semapv:UnspecifiedMatching	
wnk:wk015580	magazine (periodical)	skos:exactMatch	aat:300215390		semapv:UnspecifiedMatching	
wnk:wk015581	newspaper rack	skos:narrowMatch	aat:300375232		semapv:UnspecifiedMatching	
wnk:wk015581	newspaper rack	skos:narrowMatch	aat:300375233		semapv:UnspecifiedMatching	
wnk:wk015584	report card	skos:closeMatch	aat:300028015		semapv:UnspecifiedMatching	
wnk:wk015598	lightweight construction	skos:broadMatch	aat:300111593		semapv:UnspecifiedMatching	
wnk:wk015623	verge	skos:exactMatch	aat:300002376		semapv:UnspecifiedMatching	
wnk:wk015646	joist	skos:closeMatch	aat:300001544		semapv:UnspecifiedMatching	
wnk:wk015657	frame construction	skos:narrowMatch	aat:300111619		semapv:UnspecifiedMatching	
wnk:wk015660	log construction	skos:exactMatch	aat:300164026		semapv:UnspecifiedMatching	
wnk:wk015676	Dübel	skos:exactMatch	aat:300081964		semapv:UnspecifiedMatching	
wnk:wk015710	girder bridge	skos:closeMatch	aat:300007851		semapv:UnspecifiedMatching	
wnk:wk015714	truss bridge	skos:closeMatch	aat:300007870		semapv:UnspecifiedMatching	
wnk:wk015720	stress ribbon bridge	skos:closeMatch	aat:300263542		semapv:UnspecifiedMatching	
wnk:wk015728	starch	skos:closeMatch	aat:300012959		semapv:UnspecifiedMatching	
wnk:wk015732	carbohydrate	skos:exactMatch	aat:300264233		semapv:UnspecifiedMatching	
wnk:wk015746	oak (wood)	skos:exactMatch	aat:300012264		semapv:UnspecifiedMatching	
wnk:wk015801	general	skos:closeMatch	aat:300236762		semapv:UnspecifiedMatching	
wnk:wk015805	military officer	skos:exactMatch	aat:300259515		semapv:UnspecifiedMatching	
wnk:wk015896	equestrianism	skos:narrowMatch	aat:300249313		semapv:UnspecifiedMatching	
wnk:wk015991	rifle	skos:closeMatch	aat:300037181		semapv:UnspecifiedMatching	
wnk:wk016037	asbestos	skos:exactMatch	aat:300011071		semapv:UnspecifiedMatching	
wnk:wk016087	environmental protection	skos:closeMatch	aat:300055271		semapv:UnspecifiedMatching	
wnk:wk016164	underground parking	skos:broadMatch	aat:300007807		semapv:UnspecifiedMatching	
wnk:wk016284	tractor (traction engine)	skos:narrowMatch	aat:300229644		semapv:UnspecifiedMatching	
wnk:wk016322	herbal tea	skos:exactMatch	aat:300264020		semapv:UnspecifiedMatching	
wnk:wk016344	textile fabricating tools and equipment	skos:closeMatch	aat:300247544		semapv:UnspecifiedMatching	
wnk:wk016346	coconut oil	skos:closeMatch	aat:300391195		semapv:UnspecifiedMatching	
wnk:wk016351	picture postcard	skos:closeMatch	aat:300026819		semapv:UnspecifiedMatching	
wnk:wk016368	Arbeitsentgelt	skos:broadMatch	aat:300055679		semapv:UnspecifiedMatching	
wnk:wk016400	traffic signal	skos:exactMatch	aat:300003915		semapv:UnspecifiedMatching	
wnk:wk016425	bar (commercial building)	skos:exactMatch	aat:300005158		semapv:UnspecifiedMatching	
wnk:wk016426	barstool	skos:exactMatch	aat:300038422		semapv:UnspecifiedMatching	
wnk:wk016446	stock certificate	skos:exactMatch	aat:300027558		semapv:UnspecifiedMatching	
wnk:wk016467	chamber organ	skos:closeMatch	aat:300041690		semapv:UnspecifiedMatching	
wnk:wk016472	regal	skos:relatedMatch	aat:300041703		semapv:UnspecifiedMatching	
wnk:wk016482	reed pipe	skos:exactMatch	aat:300041707		semapv:UnspecifiedMatching	
wnk:wk016483	flue pipe	skos:exactMatch	aat:300198998		semapv:UnspecifiedMatching	
wnk:wk016508	wind-chest	skos:exactMatch	aat:300262416		semapv:UnspecifiedMatching	
wnk:wk016564	masonry construction (technique or process)	skos:exactMatch	aat:300404383		semapv:UnspecifiedMatching	
wnk:wk016657	reflecting pool	skos:exactMatch	aat:300179485		semapv:UnspecifiedMatching	
wnk:wk016689	article	skos:closeMatch	aat:300048715		semapv:UnspecifiedMatching	
wnk:wk016690	punch bowl	skos:closeMatch	aat:300043061		semapv:UnspecifiedMatching	
wnk:wk016696	butcher knives	skos:exactMatch	aat:300199923		semapv:UnspecifiedMatching	
wnk:wk016698	dispenser (container)	skos:exactMatch	aat:300220753		semapv:UnspecifiedMatching	
wnk:wk016701	Notizzettel	skos:narrowMatch	aat:300387586		semapv:UnspecifiedMatching	
wnk:wk016703	coffee pot cozy	skos:closeMatch	aat:300204856		semapv:UnspecifiedMatching	
wnk:wk016704	dessert plate	skos:broadMatch	aat:300196492		semapv:UnspecifiedMatching	
wnk:wk016709	terrine (baking dish)	skos:narrowMatch	aat:300216962		semapv:UnspecifiedMatching	
wnk:wk016710	report (document)	skos:exactMatch	aat:300027267		semapv:UnspecifiedMatching	
wnk:wk016711	spice casters	skos:exactMatch	aat:300391527		semapv:UnspecifiedMatching	
wnk:wk016712	salt shaker	skos:narrowMatch	aat:300043088		semapv:UnspecifiedMatching	
wnk:wk016712	salt shaker	skos:narrowMatch	aat:300391525		semapv:UnspecifiedMatching	
wnk:wk016714	champagne glass	skos:closeMatch	aat:300043247		semapv:UnspecifiedMatching	
wnk:wk016715	mustard pot	skos:closeMatch	aat:300043021		semapv:UnspecifiedMatching	
wnk:wk016718	tumbler	skos:closeMatch	aat:300043257		semapv:UnspecifiedMatching	
wnk:wk016719	sausage stuffers	skos:exactMatch	aat:300209503		semapv:UnspecifiedMatching	
wnk:wk016721	vegetable slicers	skos:exactMatch	aat:300200161		semapv:UnspecifiedMatching	
wnk:wk016727	cash register	skos:closeMatch	aat:300264019		semapv:UnspecifiedMatching	
wnk:wk016808	writing equipment	skos:closeMatch	aat:300404590		semapv:UnspecifiedMatching	
wnk:wk016832	business enterprise by form	skos:exactMatch	aat:300256409		semapv:UnspecifiedMatching	
wnk:wk016833	bale (object genre )	skos:exactMatch	aat:300251746		semapv:UnspecifiedMatching	
wnk:wk016836	lipid	skos:exactMatch	aat:300013022		semapv:UnspecifiedMatching	
wnk:wk016842	stand (support object)	skos:closeMatch	aat:300039767		semapv:UnspecifiedMatching	
wnk:wk016845	caster (vessel)	skos:exactMatch	aat:300043027		semapv:UnspecifiedMatching	
wnk:wk016846	cozy	skos:closeMatch	aat:300204854		semapv:UnspecifiedMatching	
wnk:wk016855	plumbing fixture	skos:exactMatch	aat:300052575		semapv:UnspecifiedMatching	
wnk:wk016856	show-window	skos:exactMatch	aat:300002970		semapv:UnspecifiedMatching	
wnk:wk016881	shower (plumbing fixture)	skos:narrowMatch	aat:300255978		semapv:UnspecifiedMatching	
wnk:wk016885	beer glass	skos:narrowMatch	aat:300043231		semapv:UnspecifiedMatching	
wnk:wk016885	beer glass	skos:narrowMatch	aat:300043232		semapv:UnspecifiedMatching	
wnk:wk016890	packaging machine	skos:narrowMatch	aat:300428733		semapv:UnspecifiedMatching	
wnk:wk017048	Topping out	skos:closeMatch	aat:300054756		semapv:UnspecifiedMatching	
wnk:wk017100	time	skos:exactMatch	aat:300133089		semapv:UnspecifiedMatching	
wnk:wk017101	people in health and medicine	skos:exactMatch	aat:300155832		semapv:UnspecifiedMatching	
wnk:wk017128	vacation rental	skos:relatedMatch	aat:300005535		semapv:UnspecifiedMatching	
wnk:wk017163	Melken	skos:exactMatch	aat:300379848		semapv:UnspecifiedMatching	
wnk:wk017175	wine making (process)	skos:exactMatch	aat:300265204		semapv:UnspecifiedMatching	
wnk:wk017178	filming	skos:relatedMatch	aat:300263841		semapv:UnspecifiedMatching	
wnk:wk017343	microphone	skos:closeMatch	aat:300266322		semapv:UnspecifiedMatching	
wnk:wk017397	hair (material)	skos:exactMatch	aat:300011814		semapv:UnspecifiedMatching	
wnk:wk017398	steam power plant	skos:closeMatch	aat:300000431		semapv:UnspecifiedMatching	
wnk:wk017420	motif	skos:closeMatch	aat:300009700		semapv:UnspecifiedMatching	
wnk:wk017421	flax (plant)	skos:closeMatch	aat:300375504		semapv:UnspecifiedMatching	
wnk:wk017425	communication functions	skos:closeMatch	aat:300132471		semapv:UnspecifiedMatching	
wnk:wk017426	Beratung	skos:exactMatch	aat:300137553		semapv:UnspecifiedMatching	
wnk:wk017431	dinner table	skos:broadMatch	aat:300039648		semapv:UnspecifiedMatching	
wnk:wk017435	bobbin	skos:exactMatch	aat:300023485		semapv:UnspecifiedMatching	
wnk:wk017455	wall covering	skos:exactMatch	aat:300037353		semapv:UnspecifiedMatching	
wnk:wk017457	house altar	skos:closeMatch	aat:300390909		semapv:UnspecifiedMatching	
wnk:wk017566	boiling	skos:closeMatch	aat:300380490		semapv:UnspecifiedMatching	
wnk:wk017567	emotion	skos:exactMatch	aat:300055150		semapv:UnspecifiedMatching	
wnk:wk017573	interview	skos:exactMatch	aat:300026392		semapv:UnspecifiedMatching	
wnk:wk017581	coat hook	skos:closeMatch	aat:300033541		semapv:UnspecifiedMatching	
wnk:wk017582	aphorism	skos:narrowMatch	aat:300253001		semapv:UnspecifiedMatching	
wnk:wk017583	weasels (genus)	skos:closeMatch	aat:300310569		semapv:UnspecifiedMatching	
wnk:wk017585	tap (container component)	skos:closeMatch	aat:300237754		semapv:UnspecifiedMatching	
wnk:wk017587	respirator	skos:closeMatch	aat:300024801		semapv:UnspecifiedMatching	
wnk:wk017589	curtain rail	skos:relatedMatch	aat:300375278		semapv:UnspecifiedMatching	
wnk:wk017591	plexiglas (TM)	skos:exactMatch	aat:300014436		semapv:UnspecifiedMatching	
wnk:wk017592	magnifying glass	skos:exactMatch	aat:300024592		semapv:UnspecifiedMatching	
wnk:wk017593	hat stand	skos:exactMatch	aat:300164367		semapv:UnspecifiedMatching	
wnk:wk017596	hoof	skos:exactMatch	aat:300310202		semapv:UnspecifiedMatching	
wnk:wk017606	dressing rooms	skos:closeMatch	aat:300004369		semapv:UnspecifiedMatching	
wnk:wk017607	woodturning	skos:broadMatch	aat:300053158		semapv:UnspecifiedMatching	
wnk:wk017611	tiered stand (serving vessel)	skos:broadMatch	aat:300202481		semapv:UnspecifiedMatching	
wnk:wk017611	tiered stand (serving vessel)	skos:relatedMatch	aat:300039770		semapv:UnspecifiedMatching	
wnk:wk017612	hair dryer	skos:closeMatch	aat:300236724		semapv:UnspecifiedMatching	
wnk:wk017613	potato masher	skos:exactMatch	aat:300207691		semapv:UnspecifiedMatching	
wnk:wk017614	cushion	skos:exactMatch	aat:300236073		semapv:UnspecifiedMatching	
wnk:wk017615	wardrobe (case furniture)	skos:closeMatch	aat:300039237		semapv:UnspecifiedMatching	
wnk:wk017616	Lincrusta	skos:exactMatch	aat:300037560		semapv:UnspecifiedMatching	
wnk:wk017620	floor lamp	skos:closeMatch	aat:300037643		semapv:UnspecifiedMatching	
wnk:wk017621	place knife	skos:closeMatch	aat:300207614		semapv:UnspecifiedMatching	
wnk:wk017651	herbarium	skos:closeMatch	aat:300440768		semapv:UnspecifiedMatching	
wnk:wk017684	acanthus	skos:exactMatch	aat:300164902		semapv:UnspecifiedMatching	
wnk:wk017685	acroterion	skos:closeMatch	aat:300002214		semapv:UnspecifiedMatching	
wnk:wk017764	brothel	skos:closeMatch	aat:300007218		semapv:UnspecifiedMatching	
wnk:wk017770	culinary tool for separating	skos:exactMatch	aat:300207596		semapv:UnspecifiedMatching	
wnk:wk017773	culinary tool for shaping and decorating	skos:exactMatch	aat:300208987		semapv:UnspecifiedMatching	
wnk:wk017782	instructional material	skos:exactMatch	aat:300026367		semapv:UnspecifiedMatching	
wnk:wk017798	armband	skos:exactMatch	aat:300247490		semapv:UnspecifiedMatching	
wnk:wk017802	construction toys	skos:exactMatch	aat:300211315		semapv:UnspecifiedMatching	
wnk:wk017803	certification	skos:closeMatch	aat:300077114		semapv:UnspecifiedMatching	
wnk:wk017804	plant stand	skos:closeMatch	aat:300039835		semapv:UnspecifiedMatching	
wnk:wk017805	punch cup	skos:closeMatch	aat:300043224		semapv:UnspecifiedMatching	
wnk:wk017806	letter opener	skos:closeMatch	aat:300259185		semapv:UnspecifiedMatching	
wnk:wk017807	envelope	skos:closeMatch	aat:300197601		semapv:UnspecifiedMatching	
wnk:wk017808	Clown	skos:exactMatch	aat:300025660		semapv:UnspecifiedMatching	
wnk:wk017809	devotional object	skos:closeMatch	aat:300234144		semapv:UnspecifiedMatching	
wnk:wk017810	shower curtain	skos:closeMatch	aat:300203998		semapv:UnspecifiedMatching	
wnk:wk017811	corner bench	skos:broadMatch	aat:300038494		semapv:UnspecifiedMatching	
wnk:wk017812	corner cupboard	skos:exactMatch	aat:300039285		semapv:UnspecifiedMatching	
wnk:wk017817	binoculars	skos:closeMatch	aat:300024587		semapv:UnspecifiedMatching	
wnk:wk017818	lighter (fire-making equipment)	skos:exactMatch	aat:300265545		semapv:UnspecifiedMatching	
wnk:wk017819	film projector	skos:broadMatch	aat:300264704		semapv:UnspecifiedMatching	
wnk:wk017820	bottle opener	skos:closeMatch	aat:300200495		semapv:UnspecifiedMatching	
wnk:wk017821	foot (animal component)	skos:closeMatch	aat:300310200		semapv:UnspecifiedMatching	
wnk:wk017823	standing bowl	skos:exactMatch	aat:300198544		semapv:UnspecifiedMatching	
wnk:wk017826	gonfalons	skos:closeMatch	aat:300251470		semapv:UnspecifiedMatching	
wnk:wk017833	insulator	skos:exactMatch	aat:300033472		semapv:UnspecifiedMatching	
wnk:wk017834	gamekeeper	skos:closeMatch	aat:300136455		semapv:UnspecifiedMatching	
wnk:wk017837	potato ricer	skos:closeMatch	aat:300201177		semapv:UnspecifiedMatching	
wnk:wk017838	cheese knife	skos:closeMatch	aat:300199842		semapv:UnspecifiedMatching	
wnk:wk017840	door bell	skos:closeMatch	aat:300052739		semapv:UnspecifiedMatching	
wnk:wk017841	dough hook	skos:exactMatch	aat:300220939		semapv:UnspecifiedMatching	
wnk:wk017843	prisoners of war	skos:closeMatch	aat:300259895		semapv:UnspecifiedMatching	
wnk:wk017844	dessert fork	skos:closeMatch	aat:300043106		semapv:UnspecifiedMatching	
wnk:wk017845	loudspeaker	skos:closeMatch	aat:300250653		semapv:UnspecifiedMatching	
wnk:wk017846	moulding (object component)	skos:closeMatch	aat:300003429		semapv:UnspecifiedMatching	
wnk:wk017847	paint roller	skos:exactMatch	aat:300022383		semapv:UnspecifiedMatching	
wnk:wk017849	folder	skos:closeMatch	aat:300197602		semapv:UnspecifiedMatching	
wnk:wk017852	jukebox	skos:closeMatch	aat:300258325		semapv:UnspecifiedMatching	
wnk:wk017854	music stand	skos:exactMatch	aat:300039830		semapv:UnspecifiedMatching	
wnk:wk017857	paintbrush	skos:exactMatch	aat:300022385		semapv:UnspecifiedMatching	
wnk:wk017859	price list	skos:closeMatch	aat:300027162		semapv:UnspecifiedMatching	
wnk:wk017862	rasor	skos:exactMatch	aat:300236438		semapv:UnspecifiedMatching	
wnk:wk017866	rosary	skos:closeMatch	aat:300262831		semapv:UnspecifiedMatching	
wnk:wk017867	saber	skos:closeMatch	aat:300037086		semapv:UnspecifiedMatching	
wnk:wk017871	Schablone	skos:closeMatch	aat:300022777		semapv:UnspecifiedMatching	
wnk:wk017873	sliding door	skos:exactMatch	aat:300002855		semapv:UnspecifiedMatching	
wnk:wk017876	tea wagon	skos:exactMatch	aat:300039894		semapv:UnspecifiedMatching	
wnk:wk017877	Sichtschutz (Möbel)	skos:broadMatch	aat:300037737		semapv:UnspecifiedMatching	
wnk:wk017879	toy car	skos:exactMatch	aat:300422629		semapv:UnspecifiedMatching	
wnk:wk017885	paperhanging (process)	skos:exactMatch	aat:300053860		semapv:UnspecifiedMatching	
wnk:wk017886	tea table	skos:exactMatch	aat:300039886		semapv:UnspecifiedMatching	
wnk:wk017887	gong	skos:closeMatch	aat:300041905		semapv:UnspecifiedMatching	
wnk:wk017889	daughters	skos:closeMatch	aat:300154348		semapv:UnspecifiedMatching	
wnk:wk017890	toiletry	skos:closeMatch	aat:300404592		semapv:UnspecifiedMatching	
wnk:wk017892	cake server	skos:closeMatch	aat:300207638		semapv:UnspecifiedMatching	
wnk:wk017893	banks	skos:closeMatch	aat:300386970		semapv:UnspecifiedMatching	
wnk:wk017894	laying	skos:exactMatch	aat:300264841		semapv:UnspecifiedMatching	
wnk:wk017895	serving spoon	skos:closeMatch	aat:300043168		semapv:UnspecifiedMatching	
wnk:wk017897	clothes horse	skos:closeMatch	aat:300164390		semapv:UnspecifiedMatching	
wnk:wk017898	level (tool)	skos:exactMatch	aat:300024245		semapv:UnspecifiedMatching	
wnk:wk017900	widow	skos:exactMatch	aat:300263464		semapv:UnspecifiedMatching	
wnk:wk017906	cigar cutter	skos:exactMatch	aat:300256320		semapv:UnspecifiedMatching	
wnk:wk017908	circus (performance)	skos:exactMatch	aat:300069235		semapv:UnspecifiedMatching	
wnk:wk017909	carpenter's rule	skos:closeMatch	aat:300225637		semapv:UnspecifiedMatching	
wnk:wk017910	sugar tong	skos:closeMatch	aat:300199831		semapv:UnspecifiedMatching	
wnk:wk017914	maple (wood)	skos:exactMatch	aat:300012236		semapv:UnspecifiedMatching	
wnk:wk017915	bamboo (material)	skos:exactMatch	aat:300011873		semapv:UnspecifiedMatching	
wnk:wk017917	bristle (material)	skos:closeMatch	aat:300011822a		semapv:UnspecifiedMatching	
wnk:wk017918	beech (wood)	skos:exactMatch	aat:300011948		semapv:UnspecifiedMatching	
wnk:wk017920	alderwood	skos:exactMatch	aat:300011918		semapv:UnspecifiedMatching	
wnk:wk017921	faience (material)	skos:relatedMatch	aat:300010668		semapv:UnspecifiedMatching	
wnk:wk017922	spruce (wood)	skos:exactMatch	aat:300012726		semapv:UnspecifiedMatching	
wnk:wk017925	earthenware (material)	skos:relatedMatch	aat:300140803		semapv:UnspecifiedMatching	
wnk:wk017926	pine (wood)	skos:closeMatch	aat:300012620		semapv:UnspecifiedMatching	
wnk:wk017928	linden (wood)	skos:closeMatch	aat:300012456		semapv:UnspecifiedMatching	
wnk:wk017929	German silver	skos:exactMatch	aat:300136730		semapv:UnspecifiedMatching	
wnk:wk017930	polyamid fiber	skos:exactMatch	aat:300014462		semapv:UnspecifiedMatching	
wnk:wk017931	rattan	skos:exactMatch	aat:300011865		semapv:UnspecifiedMatching	
wnk:wk017932	polyamide	skos:exactMatch	aat:300014469		semapv:UnspecifiedMatching	
wnk:wk017935	stoneware (material)	skos:relatedMatch	aat:300010672		semapv:UnspecifiedMatching	
wnk:wk017936	viscose (fiber)	skos:exactMatch	aat:300014059		semapv:UnspecifiedMatching	
wnk:wk017937	willow wood	skos:closeMatch	aat:300012498		semapv:UnspecifiedMatching	
wnk:wk017938	sign (declatory or advertising artifacts)	skos:closeMatch	aat:300123013		semapv:UnspecifiedMatching	
wnk:wk018000	equipment for costume	skos:exactMatch	aat:300236657		semapv:UnspecifiedMatching	
wnk:wk018001	record (document)	skos:exactMatch	aat:300026685		semapv:UnspecifiedMatching	
wnk:wk018010	document genres for oral or performed works	skos:exactMatch	aat:300220428		semapv:UnspecifiedMatching	
wnk:wk018011	hardware (components)	skos:narrowMatch	aat:300033260		semapv:UnspecifiedMatching	
wnk:wk018013	holder (finish hardware)	skos:closeMatch	aat:300079054		semapv:UnspecifiedMatching	
wnk:wk018014	communication	skos:exactMatch	aat:300054349		semapv:UnspecifiedMatching	
wnk:wk018015	baking iron	skos:closeMatch	aat:300391305		semapv:UnspecifiedMatching	
wnk:wk018029	bema	skos:closeMatch	aat:300266806		semapv:UnspecifiedMatching	
wnk:wk018033	hanukkah lamp	skos:exactMatch	aat:300180588		semapv:UnspecifiedMatching	
wnk:wk018056	kippah	skos:exactMatch	aat:300046126		semapv:UnspecifiedMatching	
wnk:wk018059	crown (headdress)	skos:closeMatch	aat:300046020		semapv:UnspecifiedMatching	
wnk:wk018114	brick stamp	skos:closeMatch	aat:300028783		semapv:UnspecifiedMatching	
wnk:wk018126	prefabricated construction	skos:broadMatch	aat:300111602		semapv:UnspecifiedMatching	
wnk:wk018131	modular construction	skos:broadMatch	aat:300111604		semapv:UnspecifiedMatching	
wnk:wk018170	Mannerism	skos:closeMatch	aat:300021144		semapv:UnspecifiedMatching	
wnk:wk018209	chaise longue	skos:closeMatch	aat:300038151		semapv:UnspecifiedMatching	
wnk:wk018211	cognac glass	skos:broadMatch	aat:300197068		semapv:UnspecifiedMatching	
wnk:wk018214	filter paper	skos:exactMatch	aat:300014149		semapv:UnspecifiedMatching	
wnk:wk018215	prisoner	skos:closeMatch	aat:300025933		semapv:UnspecifiedMatching	
wnk:wk018219	heart (motif)	skos:exactMatch	aat:300009874		semapv:UnspecifiedMatching	
wnk:wk018223	nursery (room)	skos:closeMatch	aat:300004380		semapv:UnspecifiedMatching	
wnk:wk018232	deckchair	skos:closeMatch	aat:300037837		semapv:UnspecifiedMatching	
wnk:wk018244	kidney table	skos:closeMatch	aat:300077320		semapv:UnspecifiedMatching	
wnk:wk018245	object	skos:exactMatch	aat:300311889		semapv:UnspecifiedMatching	
wnk:wk018251	rocking chair	skos:exactMatch	aat:300038273		semapv:UnspecifiedMatching	
wnk:wk018254	pastry bag	skos:exactMatch	aat:300200753		semapv:UnspecifiedMatching	
wnk:wk018255	jump rope	skos:exactMatch	aat:300218250		semapv:UnspecifiedMatching	
wnk:wk018256	floor clock	skos:exactMatch	aat:300201842		semapv:UnspecifiedMatching	
wnk:wk018257	pocket watch	skos:exactMatch	aat:300200088		semapv:UnspecifiedMatching	
wnk:wk018270	Equus (genus)	skos:closeMatch	aat:300265977		semapv:UnspecifiedMatching	
wnk:wk018275	animal component	skos:closeMatch	aat:300251797		semapv:UnspecifiedMatching	
wnk:wk018276	antlers (animal components)	skos:closeMatch	aat:300395687		semapv:UnspecifiedMatching	
wnk:wk018278	Component (hierarchy name)	skos:exactMatch	aat:300241490		semapv:UnspecifiedMatching	
wnk:wk018279	component by specific context	skos:exactMatch	aat:300241584		semapv:UnspecifiedMatching	
wnk:wk018280	tableware	skos:exactMatch	aat:300043196		semapv:UnspecifiedMatching	
wnk:wk018281	Ordensmitglied	skos:exactMatch	aat:300025783		semapv:UnspecifiedMatching	
wnk:wk018282	ceremonial object	skos:exactMatch	aat:300234117		semapv:UnspecifiedMatching	
wnk:wk018283	religious object	skos:exactMatch	aat:300234098		semapv:UnspecifiedMatching	
wnk:wk018289	exterior view	skos:exactMatch	aat:300124515		semapv:UnspecifiedMatching	
wnk:wk018291	visitor	skos:exactMatch	aat:300025883		semapv:UnspecifiedMatching	
wnk:wk018292	aerial view	skos:exactMatch	aat:300015527		semapv:UnspecifiedMatching	
wnk:wk018295	price	skos:closeMatch	aat:300055694		semapv:UnspecifiedMatching	
wnk:wk018296	restorer	skos:narrowMatch	aat:300025821		semapv:UnspecifiedMatching	
wnk:wk018303	cellulose (complex carbohydrate)	skos:exactMatch	aat:300012861		semapv:UnspecifiedMatching	
wnk:wk018305	imitation leather	skos:closeMatch	aat:300252783		semapv:UnspecifiedMatching	
wnk:wk018306	birch (wood)	skos:exactMatch	aat:300011973		semapv:UnspecifiedMatching	
wnk:wk018307	linoleum (floor covering)	skos:closeMatch	aat:300069563		semapv:UnspecifiedMatching	
wnk:wk018309	virgin wool	skos:exactMatch	aat:300183944		semapv:UnspecifiedMatching	
wnk:wk018312	ebony (wood)	skos:exactMatch	aat:300012055		semapv:UnspecifiedMatching	
wnk:wk018314	ice bucket	skos:closeMatch	aat:300203548		semapv:UnspecifiedMatching	
wnk:wk018315	biological component	skos:closeMatch	aat:300265630		semapv:UnspecifiedMatching	
wnk:wk018317	cross (motif)	skos:exactMatch	aat:300010044		semapv:UnspecifiedMatching	
wnk:wk018322	Grünstreifen	skos:relatedMatch	aat:300003855		semapv:UnspecifiedMatching	
wnk:wk018333	equipment by context	skos:closeMatch	aat:300239170		semapv:UnspecifiedMatching	
wnk:wk018348	Fernrohr	skos:closeMatch	aat:300150833		semapv:UnspecifiedMatching	
wnk:wk018355	butter knive	skos:closeMatch	aat:300043120		semapv:UnspecifiedMatching	
wnk:wk018356	DVD player	skos:closeMatch	aat:300265820		semapv:UnspecifiedMatching	
wnk:wk018357	icebox	skos:closeMatch	aat:300215754		semapv:UnspecifiedMatching	
wnk:wk018360	carving fork	skos:closeMatch	aat:300043104		semapv:UnspecifiedMatching	
wnk:wk018369	basket chair	skos:exactMatch	aat:300121145		semapv:UnspecifiedMatching	
wnk:wk018370	liqueur set	skos:exactMatch	aat:300400748		semapv:UnspecifiedMatching	
wnk:wk018371	pepper shaker	skos:narrowMatch	aat:300043030		semapv:UnspecifiedMatching	
wnk:wk018371	pepper shaker	skos:narrowMatch	aat:300043086		semapv:UnspecifiedMatching	
wnk:wk018374	coffee roaster	skos:exactMatch	aat:300209467		semapv:UnspecifiedMatching	
wnk:wk018377	slot machine	skos:narrowMatch	aat:300211247		semapv:UnspecifiedMatching	
wnk:wk018378	video game console	skos:closeMatch	aat:300432282		semapv:UnspecifiedMatching	
wnk:wk018384	workbench	skos:exactMatch	aat:300161823		semapv:UnspecifiedMatching	
wnk:wk018392	handcart	skos:narrowMatch	aat:300219771		semapv:UnspecifiedMatching	
wnk:wk018412	bozzetto	skos:exactMatch	aat:300047838		semapv:UnspecifiedMatching	
wnk:wk018413	frottage	skos:exactMatch	aat:300053430		semapv:UnspecifiedMatching	
wnk:wk018424	marksmen's club house	skos:broadMatch	aat:300134512		semapv:UnspecifiedMatching	
wnk:wk018432	powder	skos:closeMatch	aat:300014647		semapv:UnspecifiedMatching	
wnk:wk018433	system component	skos:closeMatch	aat:300242031		semapv:UnspecifiedMatching	
wnk:wk018434	electrical system component	skos:closeMatch	aat:300050611		semapv:UnspecifiedMatching	
wnk:wk018436	container component	skos:closeMatch	aat:300197199		semapv:UnspecifiedMatching	
wnk:wk018439	reading equipment	skos:exactMatch	aat:300235759		semapv:UnspecifiedMatching	
wnk:wk018440	audiovisual equipment	skos:exactMatch	aat:300262254		semapv:UnspecifiedMatching	
wnk:wk018441	projector (image projectors)	skos:exactMatch	aat:300233202		semapv:UnspecifiedMatching	
wnk:wk018442	image-making equipment	skos:exactMatch	aat:300162803		semapv:UnspecifiedMatching	
wnk:wk018443	packaging	skos:closeMatch	aat:300055100		semapv:UnspecifiedMatching	
wnk:wk018444	information form component	skos:closeMatch	aat:300201262		semapv:UnspecifiedMatching	
wnk:wk018447	microbat	skos:broadMatch	aat:300310316		semapv:UnspecifiedMatching	
wnk:wk018450	Material (hierarchy name)	skos:exactMatch	aat:300010357		semapv:UnspecifiedMatching	
wnk:wk018451	material (substance)	skos:exactMatch	aat:300010358		semapv:UnspecifiedMatching	
wnk:wk018452	physical property	skos:exactMatch	aat:300221194		semapv:UnspecifiedMatching	
wnk:wk018456	equipment for transmitting and reproducing sound	skos:closeMatch	aat:300257019		semapv:UnspecifiedMatching	
wnk:wk018457	audio equipment	skos:exactMatch	aat:300257199		semapv:UnspecifiedMatching	
wnk:wk018458	financial records	skos:closeMatch	aat:300027473		semapv:UnspecifiedMatching	
wnk:wk018459	Person beim Militär	skos:closeMatch	aat:300185678		semapv:UnspecifiedMatching	
wnk:wk018460	economic and financial functions	skos:closeMatch	aat:300069733		semapv:UnspecifiedMatching	
wnk:wk018462	vessel rim	skos:broadMatch	aat:300203193		semapv:UnspecifiedMatching	
wnk:wk018475	maintenance	skos:exactMatch	aat:300054719		semapv:UnspecifiedMatching	
wnk:wk018507	mantle (outerwear)	skos:exactMatch	aat:300212298		semapv:UnspecifiedMatching	
wnk:wk018508	insurance	skos:closeMatch	aat:300055719		semapv:UnspecifiedMatching	
wnk:wk018564	rhinestone (Material)	skos:exactMatch	aat:300010806		semapv:UnspecifiedMatching	
wnk:wk018567	last (shoemaking tool)	skos:exactMatch	aat:300022925		semapv:UnspecifiedMatching	
wnk:wk018568	sole (shoe component)	skos:closeMatch	aat:300400785		semapv:UnspecifiedMatching	
wnk:wk018570	prayer beads	skos:closeMatch	aat:300264660		semapv:UnspecifiedMatching	
wnk:wk018576	skull (skeleton component )	skos:exactMatch	aat:300191856		semapv:UnspecifiedMatching	
wnk:wk018585	waterspout (architectural element)	skos:exactMatch	aat:300248603		semapv:UnspecifiedMatching	
wnk:wk018588	die (game piece)	skos:exactMatch	aat:300211084		semapv:UnspecifiedMatching	
wnk:wk018589	straight pin	skos:closeMatch	aat:300239328		semapv:UnspecifiedMatching	
wnk:wk018592	shirt of mail	skos:exactMatch	aat:300299206		semapv:UnspecifiedMatching	
wnk:wk018595	book furniture	skos:exactMatch	aat:300422128		semapv:UnspecifiedMatching	
wnk:wk018605	infrastructural element	skos:exactMatch	aat:300078072		semapv:UnspecifiedMatching	
wnk:wk018606	transportation element	skos:exactMatch	aat:300135024		semapv:UnspecifiedMatching	
wnk:wk018607	bridge element	skos:exactMatch	aat:300003668		semapv:UnspecifiedMatching	
wnk:wk018612	table covering	skos:exactMatch	aat:300216691		semapv:UnspecifiedMatching	
wnk:wk018613	electric motor	skos:closeMatch	aat:300024609		semapv:UnspecifiedMatching	
wnk:wk018614	grass (material)	skos:exactMatch	aat:300011872		semapv:UnspecifiedMatching	
wnk:wk018620	mustelidae	skos:closeMatch	aat:300250163		semapv:UnspecifiedMatching	
wnk:wk018627	fiber	skos:exactMatch	aat:300014024		semapv:UnspecifiedMatching	
wnk:wk018628	structural elements and components for structural elements	skos:exactMatch	aat:300078046		semapv:UnspecifiedMatching	
wnk:wk018629	heating and cooking architectural elements	skos:closeMatch	aat:300076657		semapv:UnspecifiedMatching	
wnk:wk018630	roofs and roof components	skos:closeMatch	aat:300052266		semapv:UnspecifiedMatching	
wnk:wk018631	roof component	skos:exactMatch	aat:300002212		semapv:UnspecifiedMatching	
wnk:wk018632	structural element components	skos:closeMatch	aat:300078053		semapv:UnspecifiedMatching	
wnk:wk018633	architectural element by building type	skos:exactMatch	aat:300078071		semapv:UnspecifiedMatching	
wnk:wk018634	religious building fixture	skos:closeMatch	aat:300003723		semapv:UnspecifiedMatching	
wnk:wk018635	storage container	skos:exactMatch	aat:300197582		semapv:UnspecifiedMatching	
wnk:wk018636	artificial flower	skos:exactMatch	aat:300375244		semapv:UnspecifiedMatching	
wnk:wk018638	component (object part)	skos:exactMatch	aat:300241583		semapv:UnspecifiedMatching	
wnk:wk018640	outdoor furniture	skos:closeMatch	aat:300165810		semapv:UnspecifiedMatching	
wnk:wk018649	mechanical property	skos:exactMatch	aat:300056192		semapv:UnspecifiedMatching	
wnk:wk018650	Brand Name (hierarchy name)	skos:closeMatch	aat:300379011		semapv:UnspecifiedMatching	
wnk:wk018655	outerwear	skos:exactMatch	aat:300209265		semapv:UnspecifiedMatching	
wnk:wk018657	furnishings component	skos:exactMatch	aat:300241953		semapv:UnspecifiedMatching	
wnk:wk018660	information form (object)	skos:closeMatch	aat:300220751		semapv:UnspecifiedMatching	
wnk:wk018663	Heugebläse	skos:relatedMatch	aat:300425126		semapv:UnspecifiedMatching	
wnk:wk018667	sculptor	skos:closeMatch	aat:300025181		semapv:UnspecifiedMatching	
wnk:wk018670	secretary (public officer)	skos:exactMatch	aat:300250373		semapv:UnspecifiedMatching	
wnk:wk018672	philosopher	skos:exactMatch	aat:300025569		semapv:UnspecifiedMatching	
wnk:wk018673	politician	skos:closeMatch	aat:300025474		semapv:UnspecifiedMatching	
wnk:wk018674	publicist	skos:closeMatch	aat:300237376		semapv:UnspecifiedMatching	
wnk:wk018675	actor	skos:closeMatch	aat:300025658		semapv:UnspecifiedMatching	
wnk:wk018677	theologian	skos:exactMatch	aat:300025784		semapv:UnspecifiedMatching	
wnk:wk018681	clearing (landform)	skos:exactMatch	aat:300386890		semapv:UnspecifiedMatching	
wnk:wk018688	visual work (work)	skos:closeMatch	aat:300191086		semapv:UnspecifiedMatching	
wnk:wk018694	ironing board	skos:closeMatch	aat:300039734		semapv:UnspecifiedMatching	
wnk:wk018696	butter scoop	skos:closeMatch	aat:300203660		semapv:UnspecifiedMatching	
wnk:wk018697	compact disc player	skos:exactMatch	aat:300265818		semapv:UnspecifiedMatching	
wnk:wk018709	heating pad	skos:closeMatch	aat:300375371		semapv:UnspecifiedMatching	
wnk:wk018718	cheese mold	skos:exactMatch	aat:300199936		semapv:UnspecifiedMatching	
wnk:wk018720	Kreissäge (Gerät)	skos:exactMatch	aat:300023996		semapv:UnspecifiedMatching	
wnk:wk018721	collar (horse collar)	skos:closeMatch	aat:300255580		semapv:UnspecifiedMatching	
wnk:wk018725	mathook	skos:exactMatch	aat:300395673		semapv:UnspecifiedMatching	
wnk:wk018726	manuscript for publication	skos:exactMatch	aat:300028579		semapv:UnspecifiedMatching	
wnk:wk018729	notebook	skos:closeMatch	aat:300264354		semapv:UnspecifiedMatching	
wnk:wk018732	whistle	skos:exactMatch	aat:300042706		semapv:UnspecifiedMatching	
wnk:wk018737	desk lamp	skos:exactMatch	aat:300182550		semapv:UnspecifiedMatching	
wnk:wk018738	sisal (fiber)	skos:exactMatch	aat:300014039		semapv:UnspecifiedMatching	
wnk:wk018740	bassinet (children's bed)	skos:closeMatch	aat:300038850		semapv:UnspecifiedMatching	
wnk:wk018746	exchange media (object)	skos:closeMatch	aat:300387350		semapv:UnspecifiedMatching	
wnk:wk018767	digital map	skos:closeMatch	aat:300028459		semapv:UnspecifiedMatching	
wnk:wk018772	atlas	skos:exactMatch	aat:300028053		semapv:UnspecifiedMatching	
wnk:wk018775	generic style, period, and culture	skos:closeMatch	aat:300310538		semapv:UnspecifiedMatching	
wnk:wk018779	chopping tool (prehistoric cutting tools)	skos:exactMatch	aat:300400611		semapv:UnspecifiedMatching	
wnk:wk018781	plastic vase	skos:narrowMatch	aat:300198865		semapv:UnspecifiedMatching	
wnk:wk018782	fishing spear	skos:exactMatch	aat:300037044		semapv:UnspecifiedMatching	
wnk:wk018783	gunflint	skos:exactMatch	aat:300011147		semapv:UnspecifiedMatching	
wnk:wk018786	belt component	skos:exactMatch	aat:300262744		semapv:UnspecifiedMatching	
wnk:wk018789	hammer head	skos:broadMatch	aat:300037117		semapv:UnspecifiedMatching	
wnk:wk018801	head-vase	skos:closeMatch	aat:300264979		semapv:UnspecifiedMatching	
wnk:wk018803	Kultgerät	skos:broadMatch	aat:300178245		semapv:UnspecifiedMatching	
wnk:wk018819	incense burner	skos:exactMatch	aat:300198817		semapv:UnspecifiedMatching	
wnk:wk018821	billhook	skos:exactMatch	aat:300265636		semapv:UnspecifiedMatching	
wnk:wk018824	Rollstempel	skos:exactMatch	aat:300233439		semapv:UnspecifiedMatching	
wnk:wk018841	scale armour	skos:narrowMatch	aat:300228380		semapv:UnspecifiedMatching	
wnk:wk018851	Splint (Sicherungselement)	skos:closeMatch	aat:300036436		semapv:UnspecifiedMatching	
wnk:wk018855	foot ring	skos:exactMatch	aat:300203458		semapv:UnspecifiedMatching	
wnk:wk018858	torque (jewelry)	skos:closeMatch	aat:300263462		semapv:UnspecifiedMatching	
wnk:wk018861	door hinge	skos:narrowMatch	aat:300033370		semapv:UnspecifiedMatching	
wnk:wk018869	comb (textile working equipment )	skos:closeMatch	aat:300239965		semapv:UnspecifiedMatching	
wnk:wk018878	complex (building or site)	skos:closeMatch	aat:300000202		semapv:UnspecifiedMatching	
wnk:wk018886	street furniture	skos:exactMatch	aat:300003900		semapv:UnspecifiedMatching	
wnk:wk018893	freewheeled vehicle	skos:closeMatch	aat:300227809		semapv:UnspecifiedMatching	
wnk:wk018905	polyvinyl chloride	skos:exactMatch	aat:300014513		semapv:UnspecifiedMatching	
wnk:wk018907	cargo vehicle	skos:exactMatch	aat:300227811		semapv:UnspecifiedMatching	
wnk:wk018985	urban design	skos:relatedMatch	aat:300189645		semapv:UnspecifiedMatching	
wnk:wk019004	tile (material)	skos:closeMatch	aat:300010676		semapv:UnspecifiedMatching	
wnk:wk019014	oblique view	skos:closeMatch	aat:300015503		semapv:UnspecifiedMatching	
wnk:wk019035	spout (container component)	skos:exactMatch	aat:300197224		semapv:UnspecifiedMatching	
wnk:wk019046	apothecary container	skos:exactMatch	aat:300220895		semapv:UnspecifiedMatching	
wnk:wk019049	chopper (stone tool)	skos:exactMatch	aat:300400610		semapv:UnspecifiedMatching	
wnk:wk019065	disk (object genre )	skos:closeMatch	aat:300251427		semapv:UnspecifiedMatching	
wnk:wk019067	laminar armour	skos:narrowMatch	aat:300228379		semapv:UnspecifiedMatching	
wnk:wk019069	cosmetic palette	skos:closeMatch	aat:300375707		semapv:UnspecifiedMatching	
wnk:wk019074	screw	skos:exactMatch	aat:300033568		semapv:UnspecifiedMatching	
wnk:wk019088	liturgical object	skos:exactMatch	aat:300234147		semapv:UnspecifiedMatching	
wnk:wk019093	medical equipment	skos:closeMatch	aat:300247523		semapv:UnspecifiedMatching	
wnk:wk019096	coin weight	skos:exactMatch	aat:300254280		semapv:UnspecifiedMatching	
wnk:wk019098	coin scale	skos:exactMatch	aat:300195981		semapv:UnspecifiedMatching	
wnk:wk019099	netting needle	skos:exactMatch	aat:300429538		semapv:UnspecifiedMatching	
wnk:wk019108	paten (liturgical vessel)	skos:exactMatch	aat:300198942		semapv:UnspecifiedMatching	
wnk:wk019114	handgun	skos:closeMatch	aat:300037158		semapv:UnspecifiedMatching	
wnk:wk019116	standing cup	skos:closeMatch	aat:300195548		semapv:UnspecifiedMatching	
wnk:wk019117	proof (prints by function)	skos:exactMatch	aat:300264637		semapv:UnspecifiedMatching	
wnk:wk019136	trammel (fireplace equipment)	skos:exactMatch	aat:300181021		semapv:UnspecifiedMatching	
wnk:wk019140	imbrex	skos:exactMatch	aat:300010682		semapv:UnspecifiedMatching	
wnk:wk019163	culinary tool component	skos:exactMatch	aat:300208990		semapv:UnspecifiedMatching	
wnk:wk019165	agricultural functions	skos:closeMatch	aat:300192637		semapv:UnspecifiedMatching	
wnk:wk019167	single built work by general type	skos:exactMatch	aat:300004791		semapv:UnspecifiedMatching	
wnk:wk019177	linchpin (pin)	skos:exactMatch	aat:300247403		semapv:UnspecifiedMatching	
wnk:wk019179	antefix	skos:exactMatch	aat:300002217		semapv:UnspecifiedMatching	
wnk:wk019180	archival material	skos:exactMatch	aat:300379505		semapv:UnspecifiedMatching	
wnk:wk019183	ax head	skos:exactMatch	aat:300400808		semapv:UnspecifiedMatching	
wnk:wk019192	sheet metal (object genre )	skos:closeMatch	aat:300223016		semapv:UnspecifiedMatching	
wnk:wk019194	Bleirute	skos:exactMatch	aat:300003106		semapv:UnspecifiedMatching	
wnk:wk019195	bow (weapon)	skos:closeMatch	aat:300036999		semapv:UnspecifiedMatching	
wnk:wk019203	diadem	skos:exactMatch	aat:300046021		semapv:UnspecifiedMatching	
wnk:wk019206	dolium	skos:closeMatch	aat:300400601		semapv:UnspecifiedMatching	
wnk:wk019210	ash shovel	skos:closeMatch	aat:300411575		semapv:UnspecifiedMatching	
wnk:wk019213	factory lamp	skos:exactMatch	aat:300190772		semapv:UnspecifiedMatching	
wnk:wk019217	meat hook	skos:exactMatch	aat:300427271		semapv:UnspecifiedMatching	
wnk:wk019222	fork (agricultural tool)	skos:exactMatch	aat:300024351		semapv:UnspecifiedMatching	
wnk:wk019223	prie-dieu (bench)	skos:exactMatch	aat:300298975		semapv:UnspecifiedMatching	
wnk:wk019224	neck	skos:closeMatch	aat:300203464		semapv:UnspecifiedMatching	
wnk:wk019238	pommel (weapon component)	skos:broadMatch	aat:300037126		semapv:UnspecifiedMatching	
wnk:wk019240	half column	skos:closeMatch	aat:300001571		semapv:UnspecifiedMatching	
wnk:wk019245	mosaics (visual work)	skos:exactMatch	aat:300015342		semapv:UnspecifiedMatching	
wnk:wk019248	Schröpfkopf	skos:exactMatch	aat:300262816		semapv:UnspecifiedMatching	
wnk:wk019249	planchet	skos:closeMatch	aat:300196017		semapv:UnspecifiedMatching	
wnk:wk019263	tegula	skos:broadMatch	aat:300010713		semapv:UnspecifiedMatching	
wnk:wk019266	pottery tool	skos:broadMatch	aat:300163220		semapv:UnspecifiedMatching	
wnk:wk019269	door hardware	skos:exactMatch	aat:300045375		semapv:UnspecifiedMatching	
wnk:wk019270	door bolt	skos:closeMatch	aat:300033337		semapv:UnspecifiedMatching	
wnk:wk019282	people in commerce and business	skos:closeMatch	aat:300025207		semapv:UnspecifiedMatching	
wnk:wk019295	manuscript map	skos:exactMatch	aat:300028461		semapv:UnspecifiedMatching	
wnk:wk019307	event	skos:closeMatch	aat:300069084		semapv:UnspecifiedMatching	
wnk:wk019308	service (set)	skos:exactMatch	aat:300236054		semapv:UnspecifiedMatching	
wnk:wk019311	branding iron	skos:exactMatch	aat:300161516		semapv:UnspecifiedMatching	
wnk:wk019313	incubator	skos:broadMatch	aat:300386801		semapv:UnspecifiedMatching	
wnk:wk019327	dump rake	skos:broadMatch	aat:300024358		semapv:UnspecifiedMatching	
wnk:wk019334	wrench	skos:closeMatch	aat:300024714		semapv:UnspecifiedMatching	
wnk:wk019335	knitting (textile process)	skos:exactMatch	aat:300053634		semapv:UnspecifiedMatching	
wnk:wk019336	trocar	skos:exactMatch	aat:30043161		semapv:UnspecifiedMatching	
wnk:wk019337	honing steel	skos:exactMatch	aat:300411360		semapv:UnspecifiedMatching	
wnk:wk019338	card, table and board game elements	skos:closeMatch	aat:300216609		semapv:UnspecifiedMatching	
wnk:wk019402	poet	skos:closeMatch	aat:300025513		semapv:UnspecifiedMatching	
wnk:wk019403	inventor	skos:closeMatch	aat:300025845		semapv:UnspecifiedMatching	
wnk:wk019414	revolutionary	skos:exactMatch	aat:300237490		semapv:UnspecifiedMatching	
wnk:wk019446	opening (architectural element)	skos:exactMatch	aat:300002765		semapv:UnspecifiedMatching	
wnk:wk019447	opening component	skos:exactMatch	aat:300003138		semapv:UnspecifiedMatching	
wnk:wk019448	windows and window components	skos:exactMatch	aat:300052375		semapv:UnspecifiedMatching	
wnk:wk019449	window component	skos:exactMatch	aat:300003087		semapv:UnspecifiedMatching	
wnk:wk019462	chemical compound	skos:exactMatch	aat:300246922		semapv:UnspecifiedMatching	
wnk:wk019466	weapon component	skos:exactMatch	aat:300037204		semapv:UnspecifiedMatching	
wnk:wk019467	structural element	skos:exactMatch	aat:300078048		semapv:UnspecifiedMatching	
wnk:wk019468	small arm	skos:exactMatch	aat:300037150		semapv:UnspecifiedMatching	
wnk:wk019473	tools and equipment for plaster, concrete and mortar working	skos:closeMatch	aat:300022973		semapv:UnspecifiedMatching	
wnk:wk019474	animal equipment	skos:closeMatch	aat:300239147		semapv:UnspecifiedMatching	
wnk:wk019492	belt (machine element)	skos:exactMatch	aat:300024878		semapv:UnspecifiedMatching	
wnk:wk019513	cage cup	skos:closeMatch	aat:300201844		semapv:UnspecifiedMatching	
wnk:wk019518	anthropology	skos:closeMatch	aat:300054315		semapv:UnspecifiedMatching	
wnk:wk019519	antisemitism	skos:exactMatch	aat:300055288		semapv:UnspecifiedMatching	
wnk:wk019523	bandoneon	skos:exactMatch	aat:300264877		semapv:UnspecifiedMatching	
wnk:wk019546	object grouping	skos:exactMatch	aat:300241507		semapv:UnspecifiedMatching	
wnk:wk019547	stack (object genre )	skos:exactMatch	aat:300343829		semapv:UnspecifiedMatching	
wnk:wk019557	Perlstab	skos:relatedMatch	aat:300003444		semapv:UnspecifiedMatching	
wnk:wk019557	Perlstab	skos:relatedMatch	aat:300003506		semapv:UnspecifiedMatching	
wnk:wk019567	semi-basement	skos:exactMatch	aat:300265217		semapv:UnspecifiedMatching	
wnk:wk019573	storm window	skos:closeMatch	aat:300003077		semapv:UnspecifiedMatching	
wnk:wk019608	window by function	skos:exactMatch	aat:300069364		semapv:UnspecifiedMatching	
wnk:wk019609	cowbell	skos:relatedMatch	aat:300041875		semapv:UnspecifiedMatching	
wnk:wk019949	equipment by mode of operation	skos:exactMatch	aat:300163591		semapv:UnspecifiedMatching	
wnk:wk019951	hand tool	skos:exactMatch	aat:300162111		semapv:UnspecifiedMatching	
wnk:wk019952	machine tool	skos:exactMatch	aat:300024813		semapv:UnspecifiedMatching	
wnk:wk019953	electric power tool	skos:broadMatch	aat:300024870		semapv:UnspecifiedMatching	
wnk:wk019954	academies (institution)	skos:closeMatch	aat:300007089		semapv:UnspecifiedMatching	
wnk:wk019956	toy instrument	skos:exactMatch	aat:300449086		semapv:UnspecifiedMatching	
wnk:wk019959	protection (maintenance function)	skos:closeMatch	aat:300164923		semapv:UnspecifiedMatching	
wnk:wk019960	culinary equipment for serving and consuming food	skos:exactMatch	aat:300200051		semapv:UnspecifiedMatching	
wnk:wk019961	culinary tool for extracting	skos:exactMatch	aat:300207775		semapv:UnspecifiedMatching	
wnk:wk019962	culinary tool for handling food or culinary equipment	skos:exactMatch	aat:300208992		semapv:UnspecifiedMatching	
wnk:wk019963	culinary equipment for cooling food	skos:closeMatch	aat:300215752		semapv:UnspecifiedMatching	
wnk:wk019973	headdress	skos:exactMatch	aat:300046023		semapv:UnspecifiedMatching	
wnk:wk019974	mortarium	skos:exactMatch	aat:300395633		semapv:UnspecifiedMatching	
wnk:wk019977	lighting device component	skos:exactMatch	aat:300037653		semapv:UnspecifiedMatching	
wnk:wk019981	textiles for culinary use	skos:exactMatch	aat:300239149		semapv:UnspecifiedMatching	
wnk:wk019985	ash wood	skos:exactMatch	aat:300164025		semapv:UnspecifiedMatching	
wnk:wk019986	chestnut (wood)	skos:exactMatch	aat:300012039		semapv:UnspecifiedMatching	
wnk:wk019987	poplar wood	skos:exactMatch	aat:300012363		semapv:UnspecifiedMatching	
wnk:wk019991	fire wood	skos:exactMatch	aat:300012558		semapv:UnspecifiedMatching	
wnk:wk019992	birch bark (plant material)	skos:exactMatch	aat:300379355		semapv:UnspecifiedMatching	
wnk:wk019996	single built work by specific type	skos:exactMatch	aat:300004795		semapv:UnspecifiedMatching	
wnk:wk020036	space (natural or built world)	skos:exactMatch	aat:300400517		semapv:UnspecifiedMatching	
wnk:wk020041	cultural event	skos:exactMatch	aat:300417518		semapv:UnspecifiedMatching	
wnk:wk020042	religious season	skos:exactMatch	aat:300192156		semapv:UnspecifiedMatching	
wnk:wk020046	construction technique by material	skos:relatedMatch	aat:300101671		semapv:UnspecifiedMatching	
wnk:wk020095	accessory	skos:exactMatch	aat:300251645		semapv:UnspecifiedMatching	
wnk:wk020096	candleholder	skos:closeMatch	aat:300037583		semapv:UnspecifiedMatching	
wnk:wk020251	model railway	skos:broadMatch	aat:300266034		semapv:UnspecifiedMatching	
wnk:wk020253	function (activity)	skos:exactMatch	aat:300138088		semapv:UnspecifiedMatching	
wnk:wk020257	culinary equipment	skos:closeMatch	aat:300199765		semapv:UnspecifiedMatching	
wnk:wk020258	gathered matter component	skos:exactMatch	aat:300168471		semapv:UnspecifiedMatching	
wnk:wk020260	open space	skos:closeMatch	aat:300008072		semapv:UnspecifiedMatching	
wnk:wk020262	People (hierarchy name)	skos:exactMatch	aat:300024978		semapv:UnspecifiedMatching	
wnk:wk020342	map by form	skos:exactMatch	aat:300028096		semapv:UnspecifiedMatching	
wnk:wk020343	maps by production method	skos:exactMatch	aat:300028456		semapv:UnspecifiedMatching	
wnk:wk020351	grattage	skos:exactMatch	aat:300053367		semapv:UnspecifiedMatching	
wnk:wk020354	watercraft by general type	skos:exactMatch	aat:300219288		semapv:UnspecifiedMatching	
wnk:wk020355	watercraft by specific type	skos:exactMatch	aat:300219289		semapv:UnspecifiedMatching	
wnk:wk020378	recreation area	skos:exactMatch	aat:300000510		semapv:UnspecifiedMatching	
wnk:wk020387	Eisenbahn	skos:closeMatch	aat:300008591		semapv:UnspecifiedMatching	
wnk:wk020389	vessel for preparing food	skos:exactMatch	aat:300198936		semapv:UnspecifiedMatching	
wnk:wk020391	vessel for cooking food	skos:exactMatch	aat:300229645		semapv:UnspecifiedMatching	
wnk:wk020392	vessel for storing or transporting food	skos:exactMatch	aat:300198969		semapv:UnspecifiedMatching	
wnk:wk020393	accessory container for food service	skos:exactMatch	aat:300198761		semapv:UnspecifiedMatching	
wnk:wk020394	baking vessel	skos:closeMatch	aat:300198951		semapv:UnspecifiedMatching	
wnk:wk020397	resin-coated paper	skos:exactMatch	aat:300127378		semapv:UnspecifiedMatching	
wnk:wk020403	single sheet	skos:closeMatch	aat:300189648		semapv:UnspecifiedMatching	
wnk:wk020416	combination inorganic/organic animal material	skos:exactMatch	aat:300206572		semapv:UnspecifiedMatching	
wnk:wk020417	natural visual work	skos:exactMatch	aat:300400556		semapv:UnspecifiedMatching	
wnk:wk020418	runnered vehicle	skos:exactMatch	aat:300227821		semapv:UnspecifiedMatching	
wnk:wk020425	ceremonial vessel	skos:closeMatch	aat:300198333		semapv:UnspecifiedMatching	
wnk:wk020425	ceremonial vessel	skos:closeMatch	aat:300265801		semapv:UnspecifiedMatching	
wnk:wk020426	serving vessel	skos:closeMatch	aat:300198938		semapv:UnspecifiedMatching	
wnk:wk020426	serving vessel	skos:narrowMatch	aat:300198294		semapv:UnspecifiedMatching	
wnk:wk020427	funerary object	skos:exactMatch	aat:300234126		semapv:UnspecifiedMatching	
wnk:wk020429	funerary vessel	skos:exactMatch	aat:300198642		semapv:UnspecifiedMatching	
wnk:wk020430	liturgical vessel	skos:exactMatch	aat:300196901		semapv:UnspecifiedMatching	
wnk:wk020437	diagram	skos:exactMatch	aat:300015387		semapv:UnspecifiedMatching	
wnk:wk020438	living organism (entity)	skos:exactMatch	aat:300390503		semapv:UnspecifiedMatching	
wnk:wk020439	eukaryote	skos:exactMatch	aat:300265677		semapv:UnspecifiedMatching	
wnk:wk020440	gathered matter (Information artifact)	skos:closeMatch	aat:300387686		semapv:UnspecifiedMatching	
wnk:wk020442	single built work by design	skos:exactMatch	aat:300007962		semapv:UnspecifiedMatching	
wnk:wk020445	commemorative coin	skos:exactMatch	aat:300411879		semapv:UnspecifiedMatching	
wnk:wk020446	Organisation (Akteur)	skos:exactMatch	aat:300025948		semapv:UnspecifiedMatching	
wnk:wk020448	diorama	skos:exactMatch	aat:300047762		semapv:UnspecifiedMatching	
wnk:wk020449	working model	skos:relatedMatch	aat:300248774		semapv:UnspecifiedMatching	
wnk:wk020451	half model	skos:exactMatch	aat:300262862		semapv:UnspecifiedMatching	
wnk:wk020453	lift model	skos:exactMatch	aat:300263290		semapv:UnspecifiedMatching	
wnk:wk020454	printing house	skos:closeMatch	aat:300006247		semapv:UnspecifiedMatching	
wnk:wk020467	animal cage	skos:exactMatch	aat:300024379		semapv:UnspecifiedMatching	
wnk:wk020478	photographic technique	skos:exactMatch	aat:300134334		semapv:UnspecifiedMatching	
wnk:wk020479	picture-taking technique	skos:exactMatch	aat:300138790		semapv:UnspecifiedMatching	
wnk:wk020480	photographic processing and presentation technique	skos:exactMatch	aat:300053542		semapv:UnspecifiedMatching	
wnk:wk020481	feather (animal component)	skos:exactMatch	aat:300400474		semapv:UnspecifiedMatching	
wnk:wk020482	beak (animal components)	skos:exactMatch	aat:300400475		semapv:UnspecifiedMatching	
wnk:wk020488	fading (discoloration)	skos:closeMatch	aat:300053048		semapv:UnspecifiedMatching	
wnk:wk020489	yellowing	skos:exactMatch	aat:300225196		semapv:UnspecifiedMatching	
wnk:wk020498	discoloration	skos:exactMatch	aat:300053045		semapv:UnspecifiedMatching	
wnk:wk020501	sound device component	skos:exactMatch	aat:300205017		semapv:UnspecifiedMatching	
wnk:wk020502	sound device (equipment)	skos:exactMatch	aat:300387677		semapv:UnspecifiedMatching	
wnk:wk020513	gouache (painting)	skos:exactMatch	aat:300078928		semapv:UnspecifiedMatching	
wnk:wk020516	replica	skos:exactMatch	aat:300015642		semapv:UnspecifiedMatching	
wnk:wk020522	factory (organization)	skos:closeMatch	aat:300379421		semapv:UnspecifiedMatching	
wnk:wk020525	billon	skos:exactMatch	aat:300194590		semapv:UnspecifiedMatching	
wnk:wk020528	disc brooch	skos:closeMatch	aat:300226279		semapv:UnspecifiedMatching	
wnk:wk020543	as (coin)	skos:exactMatch	aat:300194586		semapv:UnspecifiedMatching	
wnk:wk020544	antoninianus	skos:exactMatch	aat:300191357		semapv:UnspecifiedMatching	
wnk:wk020548	Tornesel	skos:exactMatch	aat:300037240		semapv:UnspecifiedMatching	
wnk:wk020549	heller	skos:exactMatch	aat:300193259		semapv:UnspecifiedMatching	
wnk:wk020550	groschen	skos:closeMatch	aat:300191473		semapv:UnspecifiedMatching	
wnk:wk020552	Stüber (Münze)	skos:relatedMatch	aat:300412172		semapv:UnspecifiedMatching	
wnk:wk020554	pencil sharpener	skos:exactMatch	aat:300022521		semapv:UnspecifiedMatching	
wnk:wk020555	soap (organic material)	skos:exactMatch	aat:300014329		semapv:UnspecifiedMatching	
wnk:wk020556	instructional poster	skos:broadMatch	aat:300235514		semapv:UnspecifiedMatching	
wnk:wk020561	photographic film	skos:exactMatch	aat:300014638		semapv:UnspecifiedMatching	
wnk:wk020562	sheet film	skos:exactMatch	aat:300127350		semapv:UnspecifiedMatching	
wnk:wk020565	daguerreotype (photographic process)	skos:exactMatch	aat:300053530		semapv:UnspecifiedMatching	
wnk:wk020567	enlarging (photographic process)	skos:exactMatch	aat:300134553		semapv:UnspecifiedMatching	
wnk:wk020568	close-up photography	skos:exactMatch	aat:300053446		semapv:UnspecifiedMatching	
wnk:wk020571	aerial photography	skos:exactMatch	aat:300053443		semapv:UnspecifiedMatching	
wnk:wk020573	snapshot	skos:exactMatch	aat:300134745		semapv:UnspecifiedMatching	
wnk:wk020574	hair-cutting scissors	skos:broadMatch	aat:300426873		semapv:UnspecifiedMatching	
wnk:wk020576	hair scissors	skos:exactMatch	aat:300426873		semapv:UnspecifiedMatching	
wnk:wk020577	children's book	skos:exactMatch	aat:300343403		semapv:UnspecifiedMatching	
wnk:wk020579	Festschrift	skos:closeMatch	aat:300026297		semapv:UnspecifiedMatching	
wnk:wk020580	file (document grouping)	skos:closeMatch	aat:300026942		semapv:UnspecifiedMatching	
wnk:wk020581	residential and commercial building	skos:broadMatch	aat:300444356		semapv:UnspecifiedMatching	
wnk:wk020587	forging die	skos:broadMatch	aat:300023117		semapv:UnspecifiedMatching	
wnk:wk020590	contact print	skos:closeMatch	aat:300127169		semapv:UnspecifiedMatching	
wnk:wk020592	135 film	skos:broadMatch	aat:300428444		semapv:UnspecifiedMatching	
wnk:wk020593	110 film	skos:broadMatch	aat:300428444		semapv:UnspecifiedMatching	
wnk:wk020594	sewing pattern	skos:exactMatch	aat:300419986		semapv:UnspecifiedMatching	
wnk:wk020595	business letter	skos:exactMatch	aat:300026916		semapv:UnspecifiedMatching	
wnk:wk020605	kitchen knife	skos:closeMatch	aat:300427797		semapv:UnspecifiedMatching	
wnk:wk020614	technical drawing	skos:closeMatch	aat:300034789		semapv:UnspecifiedMatching	
wnk:wk020627	printing plate	skos:closeMatch	aat:300022755		semapv:UnspecifiedMatching	
wnk:wk020636	passport	skos:exactMatch	aat:300027392		semapv:UnspecifiedMatching	
wnk:wk020639	nail file	skos:closeMatch	aat:300236427		semapv:UnspecifiedMatching	
wnk:wk020642	shoelace	skos:exactMatch	aat:300210524		semapv:UnspecifiedMatching	
wnk:wk020656	curler	skos:broadMatch	aat:300236310		semapv:UnspecifiedMatching	
wnk:wk020659	Präparierschere	skos:broadMatch	aat:300434144		semapv:UnspecifiedMatching	
wnk:wk020661	hole punch	skos:relatedMatch	aat:300426106		semapv:UnspecifiedMatching	
wnk:wk020670	address book	skos:closeMatch	aat:300026689		semapv:UnspecifiedMatching	
wnk:wk020677	fan heater	skos:exactMatch	aat:300425278		semapv:UnspecifiedMatching	
wnk:wk020681	mandible	skos:exactMatch	aat:300191855		semapv:UnspecifiedMatching	
wnk:wk020683	egg (biological body)	skos:exactMatch	aat:300395680		semapv:UnspecifiedMatching	
wnk:wk020705	field marshal	skos:exactMatch	aat:300236754		semapv:UnspecifiedMatching	
wnk:wk020754	pressboard	skos:exactMatch	aat:300183878		semapv:UnspecifiedMatching	
wnk:wk020767	hatpin	skos:closeMatch	aat:300209304		semapv:UnspecifiedMatching	
wnk:wk020775	card (information artifact)	skos:exactMatch	aat:300026756		semapv:UnspecifiedMatching	
wnk:wk020781	casting pattern	skos:exactMatch	aat:300422802		semapv:UnspecifiedMatching	
wnk:wk020783	flint (fire-making equipment)	skos:exactMatch	aat:300425682		semapv:UnspecifiedMatching	
wnk:wk020784	chain bracelet	skos:exactMatch	aat:300411697		semapv:UnspecifiedMatching	
wnk:wk020785	anklet	skos:exactMatch	aat:300209294		semapv:UnspecifiedMatching	
wnk:wk020788	electric drill	skos:exactMatch	aat:300024685		semapv:UnspecifiedMatching	
wnk:wk020789	drilling equipment	skos:closeMatch	aat:300162792		semapv:UnspecifiedMatching	
wnk:wk020794	amphoriskos	skos:exactMatch	aat:300264915		semapv:UnspecifiedMatching	
wnk:wk020796	dressmaker's shears	skos:exactMatch	aat:300423763		semapv:UnspecifiedMatching	
wnk:wk020802	Linaceae (familiy)	skos:exactMatch	aat:300375506		semapv:UnspecifiedMatching	
wnk:wk020806	plume (costume accessory)	skos:broadMatch	aat:300044032		semapv:UnspecifiedMatching	
wnk:wk020809	skeleton component (animal component)	skos:exactMatch	aat:300191781		semapv:UnspecifiedMatching	
wnk:wk020810	appliqué (metalwork ornament)	skos:exactMatch	aat:300379364		semapv:UnspecifiedMatching	
wnk:wk020811	pyxis (container for personal grooming)	skos:closeMatch	aat:300198889		semapv:UnspecifiedMatching	
wnk:wk020814	pedestal beaker	skos:narrowMatch	aat:300395624		semapv:UnspecifiedMatching	
wnk:wk020815	natural object	skos:exactMatch	aat:300404125		semapv:UnspecifiedMatching	
wnk:wk020818	project manager	skos:exactMatch	aat:300417573		semapv:UnspecifiedMatching	
wnk:wk020819	historic preservationist	skos:exactMatch	aat:300174016		semapv:UnspecifiedMatching	
wnk:wk020820	construction manager	skos:exactMatch	aat:300435137		semapv:UnspecifiedMatching	
wnk:wk020822	user	skos:exactMatch	aat:300145814		semapv:UnspecifiedMatching	
wnk:wk020823	donor	skos:exactMatch	aat:300025240		semapv:UnspecifiedMatching	
wnk:wk020825	polyolefin	skos:closeMatch	aat:300380062		semapv:UnspecifiedMatching	
wnk:wk020827	polypropylene	skos:exactMatch	aat:300014489		semapv:UnspecifiedMatching	
wnk:wk020828	polysulfone	skos:exactMatch	aat:300014499		semapv:UnspecifiedMatching	
wnk:wk020829	polyurethane	skos:exactMatch	aat:300014495		semapv:UnspecifiedMatching	
wnk:wk020830	silicone rubber	skos:closeMatch	aat:300014406		semapv:UnspecifiedMatching	
wnk:wk020830	silicone rubber	skos:closeMatch	aat:300133708		semapv:UnspecifiedMatching	
wnk:wk020831	styrene-acrylonitrile	skos:exactMatch	aat:300014498		semapv:UnspecifiedMatching	
wnk:wk020839	aminoplast	skos:exactMatch	aat:300014523		semapv:UnspecifiedMatching	
wnk:wk020840	casein formaldehyde	skos:closeMatch	aat:300014532		semapv:UnspecifiedMatching	
wnk:wk020841	cellulose acetate	skos:exactMatch	aat:300014439		semapv:UnspecifiedMatching	
wnk:wk020843	nitrocellulose	skos:exactMatch	aat:300014444		semapv:UnspecifiedMatching	
wnk:wk020845	epoxide	skos:closeMatch	aat:300386876		semapv:UnspecifiedMatching	
wnk:wk020846	urea formaldehyde	skos:exactMatch	aat:300014529		semapv:UnspecifiedMatching	
wnk:wk020847	hard rubber	skos:closeMatch	aat:300380359		semapv:UnspecifiedMatching	
wnk:wk020849	melamine resin	skos:exactMatch	aat:300014525		semapv:UnspecifiedMatching	
wnk:wk020850	natural rubber	skos:closeMatch	aat:300012941		semapv:UnspecifiedMatching	
wnk:wk020851	phenol formaldehyde resin	skos:exactMatch	aat:300014540		semapv:UnspecifiedMatching	
wnk:wk020852	nylon 6 (Markenname)	skos:exactMatch	aat:300387481		semapv:UnspecifiedMatching	
wnk:wk020854	nylon 66 (Markenname)	skos:exactMatch	aat:300387482		semapv:UnspecifiedMatching	
wnk:wk020857	polyethylene	skos:exactMatch	aat:300014482		semapv:UnspecifiedMatching	
wnk:wk020860	polyethylene terephthalate	skos:exactMatch	aat:300380208		semapv:UnspecifiedMatching	
wnk:wk020861	polylactic acid	skos:exactMatch	aat:300389999		semapv:UnspecifiedMatching	
wnk:wk020864	container for personal grooming and hygiene	skos:exactMatch	aat:300197583		semapv:UnspecifiedMatching	
wnk:wk020865	ointment vessel	skos:closeMatch	aat:300400747		semapv:UnspecifiedMatching	
wnk:wk020866	hilt	skos:exactMatch	aat:300037119		semapv:UnspecifiedMatching	
wnk:wk020868	press (general)	skos:exactMatch	aat:300380004		semapv:UnspecifiedMatching	
wnk:wk020870	finding aid	skos:closeMatch	aat:300026539		semapv:UnspecifiedMatching	
wnk:wk020871	flask (founding tool)	skos:exactMatch	aat:300023108		semapv:UnspecifiedMatching	
wnk:wk020878	mining machine	skos:broadMatch	aat:300404414		semapv:UnspecifiedMatching	
wnk:wk020879	relocation	skos:relatedMatch	aat:300149370		semapv:UnspecifiedMatching	
wnk:wk020880	Besucherzentrum	skos:closeMatch	aat:300005862		semapv:UnspecifiedMatching	
wnk:wk020908	Schneepflug	skos:exactMatch	aat:300228824		semapv:UnspecifiedMatching	
wnk:wk020909	solar park (photovoltaic power plant)	skos:broadMatch	aat:300000428		semapv:UnspecifiedMatching	
wnk:wk020922	dice game (game set)	skos:relatedMatch	aat:300222743		semapv:UnspecifiedMatching	
wnk:wk020923	doll furniture	skos:exactMatch	aat:300423579		semapv:UnspecifiedMatching	
wnk:wk020925	lavabo (sink)	skos:exactMatch	aat:300198839		semapv:UnspecifiedMatching	
wnk:wk020927	war toy	skos:narrowMatch	aat:300211595		semapv:UnspecifiedMatching	
wnk:wk020929	furring tile	skos:relatedMatch	aat:300010556		semapv:UnspecifiedMatching	
wnk:wk020930	mask (sculpture)	skos:narrowMatch	aat:300248591		semapv:UnspecifiedMatching	
wnk:wk020931	tire	skos:exactMatch	aat:300266412		semapv:UnspecifiedMatching	
wnk:wk020936	tools and equipment for mining and excavating	skos:exactMatch	aat:300404414		semapv:UnspecifiedMatching	
wnk:wk020941	Faserplatte	skos:exactMatch	aat:300014198		semapv:UnspecifiedMatching	
wnk:wk020947	overhead power line	skos:broadMatch	aat:300008603		semapv:UnspecifiedMatching	
wnk:wk020948	spoil dump	skos:broadMatch	aat:300000821		semapv:UnspecifiedMatching	
wnk:wk020957	Abschrift	skos:broadMatch	aat:300257688		semapv:UnspecifiedMatching	
wnk:wk020964	xerographic copy	skos:closeMatch	aat:300028484		semapv:UnspecifiedMatching	
wnk:wk020964	xerographic copy	skos:exactMatch	aat:300136847		semapv:UnspecifiedMatching	
wnk:wk020966	note (document)	skos:exactMatch	aat:300027200		semapv:UnspecifiedMatching	
wnk:wk020967	correspondence	skos:exactMatch	aat:300026877		semapv:UnspecifiedMatching	
wnk:wk020972	program (document)	skos:exactMatch	aat:300027240		semapv:UnspecifiedMatching	
wnk:wk020974	reprographic copy	skos:exactMatch	aat:300028477		semapv:UnspecifiedMatching	
wnk:wk020975	libretto (document for musik)	skos:exactMatch	aat:300026424		semapv:UnspecifiedMatching	
wnk:wk020977	spice mill	skos:exactMatch	aat:300203662		semapv:UnspecifiedMatching	
wnk:wk020979	polyurethane foam	skos:exactMatch	aat:300380436		semapv:UnspecifiedMatching	
wnk:wk020981	thermoplastic polyester	skos:closeMatch	aat:300167631		semapv:UnspecifiedMatching	
wnk:wk020982	headphones	skos:closeMatch	aat:300266751		semapv:UnspecifiedMatching	
wnk:wk020984	health and welfare buildings	skos:exactMatch	aat:300006652		semapv:UnspecifiedMatching	
wnk:wk020985	welfare building	skos:exactMatch	aat:300006742		semapv:UnspecifiedMatching	
wnk:wk020991	health facility	skos:closeMatch	aat:300006653		semapv:UnspecifiedMatching	
wnk:wk020992	recreation structure	skos:exactMatch	aat:300122263		semapv:UnspecifiedMatching	
wnk:wk020993	entertainment building	skos:exactMatch	aat:300007206		semapv:UnspecifiedMatching	
wnk:wk020997	hydraulic structures by forms	skos:exactMatch	aat:300006074		semapv:UnspecifiedMatching	
wnk:wk020998	hydraulic structures by function	skos:exactMatch	aat:300006112		semapv:UnspecifiedMatching	
wnk:wk020999	animal housing (agricultural structures)	skos:exactMatch	aat:300004963		semapv:UnspecifiedMatching	
wnk:wk021000	transportation structures by form	skos:exactMatch	aat:300007835		semapv:UnspecifiedMatching	
wnk:wk021003	platinum process	skos:exactMatch	aat:300053492		semapv:UnspecifiedMatching	
wnk:wk021004	carbro process	skos:closeMatch	aat:300053506		semapv:UnspecifiedMatching	
wnk:wk021005	tintype (process)	skos:exactMatch	aat:300053531		semapv:UnspecifiedMatching	
wnk:wk021008	bail handle	skos:exactMatch	aat:300197226		semapv:UnspecifiedMatching	
wnk:wk021010	knapsack	skos:exactMatch	aat:300046216		semapv:UnspecifiedMatching	
wnk:wk021011	luggage	skos:exactMatch	aat:300225937		semapv:UnspecifiedMatching	
wnk:wk021012	baby rattle	skos:closeMatch	aat:300395572		semapv:UnspecifiedMatching	
wnk:wk021018	cosmetic	skos:exactMatch	aat:300236306		semapv:UnspecifiedMatching	
wnk:wk021022	account book	skos:exactMatch	aat:300027483		semapv:UnspecifiedMatching	
wnk:wk021024	order form	skos:closeMatch	aat:300027009		semapv:UnspecifiedMatching	
wnk:wk021026	tanning lamp	skos:closeMatch	aat:300434363		semapv:UnspecifiedMatching	
wnk:wk021028	sawhorse	skos:narrowMatch	aat:300024189		semapv:UnspecifiedMatching	
wnk:wk021031	inkpad	skos:exactMatch	aat:300395647		semapv:UnspecifiedMatching	
wnk:wk021033	trident	skos:exactMatch	aat:300379353		semapv:UnspecifiedMatching	
wnk:wk021034	type cabinet	skos:relatedMatch	aat:300410328		semapv:UnspecifiedMatching	
wnk:wk021037	drawing instrument	skos:exactMatch	aat:300123627		semapv:UnspecifiedMatching	
wnk:wk021040	album (sound recording)	skos:exactMatch	aat:300440467		semapv:UnspecifiedMatching	
wnk:wk021042	sketchbook	skos:exactMatch	aat:300027354		semapv:UnspecifiedMatching	
wnk:wk021044	galley proof	skos:exactMatch	aat:300172465		semapv:UnspecifiedMatching	
wnk:wk021046	heater (equipment)	skos:exactMatch	aat:300427136		semapv:UnspecifiedMatching	
wnk:wk021057	containers for textiles and needlework	skos:exactMatch	aat:300198748		semapv:UnspecifiedMatching	
wnk:wk021062	pin-back button	skos:exactMatch	aat:300207332		semapv:UnspecifiedMatching	
wnk:wk021066	bit (animal work equipment)	skos:exactMatch	aat:300248085		semapv:UnspecifiedMatching	
wnk:wk021068	stemware	skos:closeMatch	aat:300198791		semapv:UnspecifiedMatching	
wnk:wk021069	animal work equipment	skos:exactMatch	aat:300255533		semapv:UnspecifiedMatching	
wnk:wk021074	curling tongs	skos:broadMatch	aat:300426864		semapv:UnspecifiedMatching	
wnk:wk021076	shield component	skos:exactMatch	aat:300222454		semapv:UnspecifiedMatching	
wnk:wk021080	Taschenlampe	skos:exactMatch	aat:300262610		semapv:UnspecifiedMatching	
wnk:wk021085	desk sets	skos:exactMatch	aat:300236048		semapv:UnspecifiedMatching	
wnk:wk021087	electric lamp (lighting device form)	skos:exactMatch	aat:300182922		semapv:UnspecifiedMatching	
wnk:wk021096	gelatin silver process	skos:exactMatch	aat:300139114		semapv:UnspecifiedMatching	
wnk:wk021098	printing process	skos:exactMatch	aat:300199635		semapv:UnspecifiedMatching	
wnk:wk021099	bromoil process	skos:exactMatch	aat:300053505		semapv:UnspecifiedMatching	
wnk:wk021100	gum bichromate process	skos:exactMatch	aat:300053501		semapv:UnspecifiedMatching	
wnk:wk021107	eye	skos:exactMatch	aat:300400484		semapv:UnspecifiedMatching	
wnk:wk021115	desert	skos:exactMatch	aat:300008916		semapv:UnspecifiedMatching	
wnk:wk021117	laundry tong	skos:exactMatch	aat:300428032		semapv:UnspecifiedMatching	
wnk:wk021118	bookend	skos:exactMatch	aat:300248053		semapv:UnspecifiedMatching	
wnk:wk021119	metronome	skos:exactMatch	aat:300266577		semapv:UnspecifiedMatching	
wnk:wk021120	fan (equipment)	skos:exactMatch	aat:300209970		semapv:UnspecifiedMatching	
wnk:wk021121	slide viewer (hand held device)	skos:exactMatch	aat:300411362		semapv:UnspecifiedMatching	
wnk:wk021122	siphon bottle	skos:exactMatch	aat:300220910		semapv:UnspecifiedMatching	
wnk:wk021123	opaque projector	skos:exactMatch	aat:300193182		semapv:UnspecifiedMatching	
wnk:wk021128	organ (biological component)	skos:exactMatch	aat:300191771		semapv:UnspecifiedMatching	
wnk:wk021134	blackface	skos:closeMatch	aat:300448122		semapv:UnspecifiedMatching	
wnk:wk021136	shoehorn	skos:exactMatch	aat:300236449		semapv:UnspecifiedMatching	
wnk:wk021138	top hat	skos:exactMatch	aat:300046113		semapv:UnspecifiedMatching	
wnk:wk021139	strop (sharpening device)	skos:exactMatch	aat:300023296		semapv:UnspecifiedMatching	
wnk:wk021141	condom	skos:exactMatch	aat:300265582		semapv:UnspecifiedMatching	
wnk:wk021142	Datenträger	skos:closeMatch	aat:300220523		semapv:UnspecifiedMatching	
wnk:wk021232	hand puppet	skos:exactMatch	aat:300211106		semapv:UnspecifiedMatching	
wnk:wk021233	paperweight	skos:exactMatch	aat:300236043		semapv:UnspecifiedMatching	
wnk:wk021235	bobby pin	skos:exactMatch	aat:300046043		semapv:UnspecifiedMatching	
wnk:wk021239	curling iron	skos:exactMatch	aat:300236312		semapv:UnspecifiedMatching	
wnk:wk021240	whale	skos:exactMatch	aat:300250157		semapv:UnspecifiedMatching	
wnk:wk021241	apothecary bottle	skos:exactMatch	aat:300378929		semapv:UnspecifiedMatching	
wnk:wk021246	hat block	skos:exactMatch	aat:300390898		semapv:UnspecifiedMatching	
wnk:wk021250	pigeon clock	skos:broadMatch	aat:300434732		semapv:UnspecifiedMatching	
wnk:wk021251	dictating machine	skos:exactMatch	aat:300424573		semapv:UnspecifiedMatching	
wnk:wk021255	trace fossil	skos:narrowMatch	aat:300379470		semapv:UnspecifiedMatching	
wnk:wk021256	microfossil	skos:exactMatch	aat:300379441		semapv:UnspecifiedMatching	
wnk:wk021266	Bärlapppflanze	skos:broadMatch	aat:300310157		semapv:UnspecifiedMatching	
wnk:wk021269	Horsetail (plant)	skos:broadMatch	aat:300310160		semapv:UnspecifiedMatching	
wnk:wk021270	Fern	skos:exactMatch	aat:300375590		semapv:UnspecifiedMatching	
wnk:wk021277	sponge (animal)	skos:exactMatch	aat:300265683		semapv:UnspecifiedMatching	
wnk:wk021286	cephalopod	skos:exactMatch	aat:300250256		semapv:UnspecifiedMatching	
wnk:wk021302	arthropod	skos:exactMatch	aat:300265687		semapv:UnspecifiedMatching	
wnk:wk021304	chelicerate	skos:exactMatch	aat:300310466		semapv:UnspecifiedMatching	
wnk:wk021305	crustacean	skos:exactMatch	aat:300310469		semapv:UnspecifiedMatching	
wnk:wk021313	lobe-finned fish	skos:exactMatch	aat:300310219		semapv:UnspecifiedMatching	
wnk:wk021337	blowtorch	skos:closeMatch	aat:300023316		semapv:UnspecifiedMatching	
wnk:wk021338	medical device	skos:narrowMatch	aat:300247523		semapv:UnspecifiedMatching	
wnk:wk021339	burner (heating equipment)	skos:narrowMatch	aat:300024729		semapv:UnspecifiedMatching	
wnk:wk021340	first aid kit	skos:exactMatch	aat:300395480		semapv:UnspecifiedMatching	
wnk:wk021342	bivalve shell	skos:broadMatch	aat:300011829		semapv:UnspecifiedMatching	
wnk:wk021349	sex (personal activity)	skos:exactMatch	aat:300417836		semapv:UnspecifiedMatching	
wnk:wk021350	hairbrush	skos:exactMatch	aat:300236713		semapv:UnspecifiedMatching	
wnk:wk021351	trading stamp	skos:exactMatch	aat:300191681		semapv:UnspecifiedMatching	
wnk:wk021362	hand foundry ladle	skos:broadMatch	aat:300435526		semapv:UnspecifiedMatching	
wnk:wk021372	carding	skos:exactMatch	aat:300053751		semapv:UnspecifiedMatching	
wnk:wk021377	season	skos:exactMatch	aat:300133091		semapv:UnspecifiedMatching	
wnk:wk021378	summer (season)	skos:exactMatch	aat:300133099		semapv:UnspecifiedMatching	
wnk:wk021379	spring (season)	skos:exactMatch	aat:300133097		semapv:UnspecifiedMatching	
wnk:wk021380	autumn (season)	skos:exactMatch	aat:300133093		semapv:UnspecifiedMatching	
wnk:wk021381	cruet set	skos:closeMatch	aat:300236102		semapv:UnspecifiedMatching	
